00003877
00010397
00017160
00021992
00030648
00035952
00042564
00046003
00053704
00064780
00068415
00077902
00084665
00092559
00102046
00109869
00120829
00129391
00135700
00142270
00147982
00157099
00162227
00170995
00182133
00189235
00199116
00204926
00210133
00218122
00220767
00224431
00231710
00234584
00238384
00242361
00248669
00256824
00264611
00269918
00272643
00275587
00280782
00284476
00291081
00295085
00300613
00305674
00307787
00309965
00314630
00319773
00322840
00328554
00333503
00339603
00349143
00354125
00359094
00361037
00367823
00374201
00380071
00388715
00401580
00411666
00418756
00421915
00426105
00435058
00442761
00455421
00461022
00466732
00473372
00478429
00483107
00489349
00493971
00499421
00503688
00508461
00515294
00519284
00525823
00530019
00534148
00538912
00542394
00550748
00556193
00564810
00571486
00578255
00590175
00600285
00605980
00609531
00616792
00624861
00631564
00637362
00642783
00653311
00659133
00668949
00676653
00684025
00690340
00696927
00702497
00705263
00711822
00721170
00730444
00736217
00740904
00743860
00748926
00757576
00764500
00774679
00779529
00786455
00790702
00797376
00801203
00812454
00819437
00826343
00834621
00840095
00847353
00856985
00864179
00873599
00879921
00885238
00895983
00905700
00913466
00922182
00931905
00938326
00946208
00955166
00962888
00970070
00976949
00981891
00990394
00999478
00000714
00001211
00001614
00002096
00002633
00003173
00003710
00004118
00004529
00005062
00005414
00005690
00006447
00006642
00007140
00007454
00007883
00008391
00009000
00009378
00009865
00010244
00010581
00010804
00011534
00012168
00012504
00013158
00013766
00014205
00014903
00015162
00015378
00015642
00015863
00016230
00016654
00016946
00017064
00017090
00017126
00017154
00017272
00017318
00017374
00017464
00017832
00018456
00019754
00020357
00020470
00020929
00021040
00021189
00021526
00021813
00021953
00022051
00022102
00022231
00022515
00022637
00022798
00022854
00023405
00024145
00024634
00024890
00025189
00025443
00025820
00026057
00026399
00026630
00026703
00026796
00026845
00026998
00027240
00027506
00027994
00028399
00029039
00029287
00029608
00029839
00030108
00030538
00030940
00031089
00031259
00031503
00032059
00032456
00032958
00033161
00033426
00033778
00034100
00034290
00034510
00035000
00035121
00035208
00035405
00035560
00035970
00036302
00036391
00036618
00037037
00037247
00037565
00038376
00038662
00039227
00039365
00039641
00039777
00039971
00040360
00041048
00041446
00041952
00042206
00042473
00042598
00043126
00043624
00044135
00044595
00044817
00045141
00045688
00045999
00046583
00047075
00047324
00047604
00047997
00048276
00048873
00049196
00049924
00050246
00050400
00050619
00050961
00051149
00051464
00051823
00052160
00052765
00053102
00053377
00053589
00053759
00054082
00054389
00054750
00055359
00055919
00056105
00056430
00056906
00057064
00057429
00057887
00058167
00058694
00058894
00059140
00059360
00059553
00059820
00060070
00060311
00061006
00061321
00061616
00062005
00062409
00062955
00063446
00063826
00064167
00064264
00064448
00064766
00065082
00065410
00065828
00066178
00066707
00066938
00067181
00067349
00067607
00067888
00068338
00068411
00068838
00069235
00069735
00070510
00070774
00071435
00071584
00071753
00072062
00072514
00073084
00073447
00074062
00074555
00074918
00075652
00075975
00076294
00077003
00077551
00077660
00077689
00078253
00078561
00078914
00079328
00079463
00079730
00079982
00080700
00080845
00081172
00081415
00081729
00082029
00082260
00082664
00082947
00083136
00083643
00084244
00084497
00084885
00085278
00086252
00086666
00086820
00087198
00087524
00087669
00088053
00088344
00088906
00089282
00089575
00090266
00090797
00090983
00091201
00091620
00091815
00092391
00092596
00092992
00093560
00094060
00094136
00094488
00094719
00095134
00095281
00095749
00096200
00096406
00096535
00096696
00096886
00097111
00097394
00097842
00098144
00098512
00098887
00099115
00099866
00100387
00100590
00101036
00101402
00101500
00101551
00101709
00101919
00102051
00102153
00102482
00102806
00103240
00103602
00103775
00104029
00104215
00104467
00104944
00105056
00105196
00105246
00105328
00105532
00106059
00106403
00107124
00107452
00107676
00108180
00108498
00108966
00109199
00109558
00109836
00110154
00110482
00110900
00111451
00111821
00112206
00112649
00113252
00113727
00114111
00114589
00114836
00115009
00115263
00115753
00115930
00116232
00116598
00116784
00117044
00117342
00117681
00117988
00118294
00118977
00119300
00119513
00119602
00119807
00120159
00120498
00120830
00121152
00121737
00122233
00122758
00123294
00123651
00123836
00124312
00124801
00125105
00125480
00125923
00126080
00126271
00126378
00126759
00126986
00127258
00127603
00128025
00128609
00128823
00129175
00129656
00130550
00130677
00130798
00131214
00131491
00131797
00132201
00132356
00132541
00132873
00133137
00133525
00133902
00134145
00134541
00134683
00135104
00135204
00135403
00135707
00136180
00136594
00136900
00136939
00137033
00137221
00137561
00137793
00138416
00138827
00139007
00139378
00139645
00140061
00140306
00140793
00141171
00141391
00141426
00141563
00142033
00142471
00142858
00143347
00143883
00144189
00144572
00144877
00145396
00145642
00145974
00146365
00146796
00147042
00147462
00147698
00148410
00150483
00150611
00150874
00152105
00152455
00152641
00152841
00153470
00153747
00154159
00154648
00155259
00155793
00156149
00157102
00157678
00157925
00158546
00158989
00159329
00159732
00160393
00160822
00161179
00161316
00161500
00161702
00161974
00162351
00162627
00163009
00163366
00163636
00164013
00164396
00164821
00165326
00165522
00165907
00166251
00166491
00166769
00167100
00167476
00167861
00168298
00168413
00169099
00169447
00169954
00170372
00170939
00171400
00171739
00172175
00172623
00172980
00173255
00173720
00174021
00174259
00174502
00174708
00174919
00175230
00175500
00175825
00176069
00176410
00176657
00176788
00177179
00177579
00177754
00178001
00178344
00178585
00179009
00179194
00179454
00179796
00180089
00180599
00181000
00181777
00182073
00182342
00182540
00182741
00182934
00183093
00183320
00183679
00183986
00184134
00184515
00184789
00185181
00185445
00186035
00186514
00186866
00187221
00187427
00188036
00188379
00188901
00189206
00189363
00189769
00190433
00190960
00191156
00191338
00191720
00192172
00192722
00193180
00193651
00193697
00194450
00194766
00195228
00195724
00196044
00196457
00196759
00197186
00197517
00197940
00198429
00198759
00198998
00199273
00199799
00200115
00200338
00200584
00200896
00201271
00201717
00202211
00202784
00203259
00203936
00204272
00204879
00205396
00205601
00205887
00206459
00206949
00207358
00207929
00208282
00208411
00208818
00209173
00209447
00210248
00210498
00210808
00211140
00211480
00212113
00212593
00212924
00213361
00213724
00214162
00214329
00214853
00215353
00215710
00215826
00216260
00216451
00217018
00217388
00217619
00217908
00218215
00218367
00218602
00218797
00218926
00219051
00219375
00219726
00219871
00219895
00219939
00220456
00220722
00220860
00220957
00221021
00221173
00221446
00221739
00221937
00221976
00222296
00222431
00222633
00222989
00223246
00223541
00223653
00223885
00224005
00224344
00224705
00225140
00225554
00226195
00226286
00226568
00227089
00227290
00227446
00227583
00227656
00227838
00228144
00228338
00228866
00229393
00229603
00229887
00230316
00230518
00230799
00231060
00231234
00231425
00231599
00231801
00231915
00231942
00232010
00232166
00232480
00232612
00232753
00232802
00232913
00233125
00233756
00234138
00234488
00234714
00234907
00235296
00235956
00236082
00236286
00236574
00236990
00237316
00237679
00237909
00238189
00238300
00238613
00238894
00239027
00239493
00239714
00239997
00240229
00240612
00240981
00241208
00241344
00241640
00241856
00242123
00242653
00242977
00243116
00243285
00243707
00244068
00244417
00244599
00244950
00245418
00245746
00245943
00246094
00246552
00246942
00247032
00247282
00247585
00247938
00248632
00248963
00249253
00249354
00249545
00249797
00250304
00250575
00250944
00251400
00251818
00252037
00252261
00252578
00252858
00253260
00254169
00254513
00254876
00255185
00255614
00255876
00256276
00256588
00256682
00257289
00257623
00257734
00258136
00258508
00258770
00259041
00259390
00259612
00259947
00260262
00260695
00261193
00261469
00261908
00262278
00262441
00262672
00262768
00262910
00263104
00263290
00263559
00263598
00263916
00263968
00264001
00264256
00264428
00264605
00264696
00264726
00264991
00265642
00265867
00266284
00266367
00266486
00266750
00267168
00267680
00267755
00268032
00268217
00268468
00269319
00269858
00270208
00270470
00270688
00270777
00270805
00270830
00270857
00270887
00270954
00271038
00271113
00271160
00271190
00271226
00271344
00271450
00272057
00272159
00272430
00272545
00272583
00272617
00272670
00272768
00272814
00272866
00272908
00273150
00273224
00273566
00273791
00274268
00274458
00274495
00274623
00274894
00275160
00275419
00275506
00275940
00276109
00276249
00276629
00277036
00277287
00277512
00277858
00278031
00278296
00278670
00279071
00279326
00279547
00279780
00279808
00280048
00280118
00280221
00280373
00280434
00280538
00280723
00280933
00281226
00281353
00281809
00281876
00282108
00282219
00282532
00282914
00283656
00283963
00284121
00284226
00284286
00284408
00284667
00284832
00284853
00284910
00285071
00285311
00285646
00285740
00285782
00285973
00286304
00286388
00287159
00287580
00287807
00288069
00288526
00288690
00288922
00289505
00289801
00290099
00290284
00290536
00290716
00291080
00291325
00291750
00292135
00292272
00292711
00293269
00293598
00293856
00294175
00294350
00294790
00295127
00295698
00295955
00296080
00296151
00296586
00296923
00297131
00297313
00297413
00297732
00297932
00298069
00298546
00298886
00299008
00299212
00299509
00299864
00299982
00300423
00300555
00300791
00301052
00301330
00301495
00301627
00302012
00302228
00302502
00302865
00303229
00303553
00303834
00304169
00304555
00304866
00305224
00305438
00305603
00305908
00306184
00306438
00306516
00306565
00306654
00306990
00307144
00307233
00307255
00307290
00307346
00307668
00307699
00307748
00307825
00307884
00308119
00308248
00308304
00308418
00308498
00308630
00308845
00309142
00309282
00309534
00309737
00310080
00310329
00310703
00310899
00311119
00311388
00311483
00312122
00312366
00312664
00312741
00312999
00313128
00313343
00313406
00313491
00313538
00313620
00313938
00314021
00314353
00314781
00315072
00315590
00316273
00316593
00316980
00317193
00317568
00317725
00317846
00318455
00318735
00319085
00319331
00319411
00319509
00319638
00319750
00319888
00320159
00320393
00320779
00320824
00321035
00321089
00321236
00321374
00321488
00321537
00321672
00321900
00322082
00322307
00322574
00322887
00323160
00323264
00323396
00323540
00323872
00324097
00324525
00324944
00325562
00325858
00326349
00326519
00326895
00327435
00327671
00327737
00328053
00328354
00328663
00329185
00329297
00329880
00330326
00330784
00330945
00331163
00331578
00332120
00332300
00332517
00332851
00333424
00333518
00333834
00334302
00334746
00335176
00335444
00335873
00336005
00336361
00336499
00336795
00337006
00337489
00337996
00338365
00338674
00339095
00339528
00339791
00339899
00340243
00340599
00341186
00341340
00341750
00342266
00342687
00342819
00342887
00342956
00342986
00343057
00343320
00343845
00344188
00344609
00344988
00345129
00345388
00345717
00346280
00346614
00347128
00347474
00347683
00348293
00348820
00349050
00349576
00349929
00350075
00350371
00350694
00351043
00351389
00351525
00351774
00351900
00352121
00352184
00352409
00352614
00352787
00353195
00353588
00353607
00353632
00353666
00353701
00353902
00354127
00354757
00355149
00355245
00355856
00356237
00356418
00356506
00356660
00356891
00356972
00357182
00357536
00358247
00358552
00359024
00359112
00359146
00359202
00359444
00359692
00359794
00359845
00359876
00359918
00360146
00360489
00360775
00361088
00361332
00361389
00361542
00361586
00361892
00362076
00362374
00362922
00363343
00364022
00364331
00364545
00365115
00365466
00365593
00366206
00366335
00366476
00366676
00367035
00367207
00367757
00367982
00368469
00368767
00368991
00369125
00369854
00370278
00370791
00371069
00371519
00371596
00371746
00372363
00372962
00373163
00373336
00373549
00374192
00374545
00375112
00375499
00375706
00375805
00376078
00377869
00378362
00378418
00378817
00379251
00379783
00380056
00380583
00380950
00381245
00381905
00382117
00382419
00382526
00382819
00383616
00383967
00384353
00384591
00384945
00385237
00385402
00385656
00386100
00386525
00386813
00386973
00387193
00387612
00388016
00388700
00388856
00389277
00389386
00389592
00390037
00390154
00390420
00390879
00391453
00392357
00392535
00393002
00393392
00394012
00394473
00394817
00395295
00396019
00396104
00396625
00396779
00396969
00397599
00397899
00398644
00399103
00399503
00399703
00400283
00400694
00401413
00402012
00402330
00402832
00403066
00403415
00404008
00404564
00404812
00405245
00405608
00405865
00406380
00406796
00407199
00407739
00408331
00408759
00409468
00409764
00409998
00410288
00410607
00411048
00411242
00411586
00411905
00412396
00412919
00413460
00413687
00414296
00414919
00415510
00415830
00416394
00416746
00417146
00417576
00417941
00418429
00418702
00418797
00418849
00418892
00418985
00419053
00419241
00419340
00419395
00419452
00419714
00420125
00420482
00420941
00421282
00421516
00421688
00421757
00421846
00421920
00421997
00422161
00422209
00422278
00422327
00422398
00422646
00422953
00423632
00423811
00424303
00424474
00424779
00425028
00425242
00425407
00425684
00426218
00426930
00427137
00427442
00427632
00428023
00428646
00428941
00429551
00430049
00430530
00430790
00431286
00431941
00431994
00432357
00432608
00433178
00433694
00433843
00434352
00434548
00434862
00434975
00435172
00435816
00436462
00436666
00436766
00436926
00437238
00437617
00437887
00438125
00438489
00438763
00439096
00439537
00440001
00440313
00440393
00440589
00440788
00441427
00441812
00442346
00442579
00442815
00443129
00443262
00443581
00444258
00444612
00444978
00445312
00445759
00446326
00446650
00447084
00447688
00447827
00447957
00448304
00448643
00448923
00449753
00450213
00450705
00451556
00452171
00452715
00453242
00453920
00454296
00454648
00454813
00455209
00455455
00455649
00456159
00456448
00456579
00456829
00457367
00457601
00457907
00458299
00458905
00459349
00459866
00460118
00460343
00460667
00461016
00461421
00461717
00461848
00461978
00462630
00463155
00463498
00463717
00464048
00464413
00464739
00465159
00465678
00465924
00466251
00466553
00466907
00467329
00467650
00467984
00468541
00468914
00469480
00469650
00470012
00470065
00470477
00470734
00471047
00471384
00471866
00472512
00472646
00472842
00473044
00473360
00473501
00473764
00474148
00474441
00474800
00475136
00475415
00475655
00476275
00476782
00477185
00477700
00477986
00478159
00478274
00478462
00478721
00478987
00479427
00479686
00479870
00480248
00480663
00480874
00481264
00481383
00481677
00482151
00482487
00482747
00483248
00483849
00484181
00484505
00484853
00485394
00485890
00486163
00486298
00486518
00486599
00486709
00486965
00487094
00487290
00487568
00487790
00488286
00488766
00488976
00489166
00489288
00489536
00489700
00489761
00490389
00491320
00491685
00492454
00492644
00492876
00493008
00493164
00493354
00493577
00493734
00493981
00494161
00494395
00494646
00495089
00495377
00495844
00496189
00496454
00496487
00496625
00496864
00497051
00497349
00497708
00498319
00498849
00499070
00499397
00499831
00499940
00500078
00500259
00500341
00500550
00500641
00500834
00500938
00501425
00501740
00502639
00503124
00503503
00503768
00504102
00504621
00505066
00505463
00505823
00506128
00506833
00507110
00507213
00507536
00507706
00507901
00508056
00508250
00508519
00508795
00509437
00509864
00510278
00510591
00510700
00510900
00511039
00511150
00511470
00511658
00512013
00512428
00512719
00513064
00513677
00513996
00514425
00514658
00514740
00514843
00515269
00515479
00516036
00516204
00516485
00516819
00517147
00517274
00517418
00517751
00517931
00518319
00518639
00518842
00518983
00519079
00519245
00519315
00519484
00519617
00519939
00520227
00520438
00520677
00520873
00520976
00521339
00521767
00522027
00522328
00522527
00522821
00523081
00523423
00523791
00523960
00524510
00524871
00525413
00525714
00526077
00526454
00526898
00527237
00527374
00527509
00527577
00527621
00527789
00528332
00528995
00529175
00529483
00529869
00529930
00530009
00530071
00530230
00530298
00530353
00530408
00530469
00530521
00530578
00530658
00530919
00531220
00531413
00531680
00531844
00532179
00532563
00532834
00533214
00533293
00533507
00533924
00534251
00534631
00534852
00535234
00535388
00535611
00535773
00536103
00536454
00536785
00536942
00537162
00537423
00537519
00537587
00537878
00538316
00538575
00538769
00539321
00539603
00539980
00540259
00540339
00540525
00540681
00540775
00540813
00541341
00541695
00542071
00542300
00542747
00543055
00543538
00544451
00544820
00545222
00545787
00546153
00546358
00546819
00547328
00547733
00548281
00548770
00548971
00549274
00549709
00550010
00550844
00551219
00551456
00552159
00552517
00552874
00553441
00553930
00554177
00554514
00554729
00554880
00555411
00555744
00555950
00556260
00556646
00557469
00557643
00557785
00558032
00558292
00558665
00558897
00559254
00560025
00560452
00560676
00560861
00561152
00561278
00561414
00561817
00562035
00562226
00562559
00563497
00564019
00564319
00564777
00565093
00565614
00565983
00566303
00566725
00566938
00567501
00567634
00567972
00568195
00568495
00568620
00568859
00569043
00569153
00569535
00569632
00569875
00570262
00570565
00570935
00571356
00571499
00571618
00571907
00572120
00572242
00572492
00572728
00573171
00573457
00573657
00573931
00574174
00574521
00575160
00575543
00575746
00575983
00576460
00576766
00577191
00577319
00577728
00578196
00578548
00578942
00579200
00579466
00579910
00579980
00580219
00580485
00580759
00581147
00581245
00581432
00581718
00582189
00582364
00582699
00582842
00583155
00583434
00583759
00583982
00584271
00584530
00585102
00585529
00585963
00586482
00586716
00587056
00587479
00587863
00588292
00588357
00588555
00588936
00589208
00589737
00589999
00590176
00590385
00590668
00590873
00591455
00592104
00592338
00592695
00592967
00593215
00593693
00593903
00594141
00594446
00594789
00595151
00595325
00595834
00596086
00596421
00596664
00596800
00597020
00597931
00598340
00598785
00599532
00599780
00600260
00600468
00600791
00601043
00601242
00601381
00601707
00602071
00602223
00602393
00602778
00602912
00603301
00603930
00604102
00604339
00604655
00605254
00605791
00605954
00606200
00606552
00606797
00607193
00607401
00607800
00607937
00608343
00608638
00608783
00609341
00610223
00610544
00610701
00611149
00611368
00611690
00611837
00611902
00612034
00612433
00612773
00613173
00613349
00613545
00613736
00613855
00613908
00613990
00614149
00614559
00614725
00614840
00615104
00615304
00615723
00616009
00616273
00616777
00616997
00617295
00617483
00617721
00618102
00618371
00618671
00618809
00619347
00619441
00619744
00620156
00620282
00620488
00620763
00621133
00621380
00621681
00622269
00622387
00623023
00623647
00623921
00624157
00624465
00624738
00625036
00625251
00625542
00625688
00626182
00626738
00627380
00627761
00628354
00628812
00629266
00629648
00629965
00630498
00630797
00631154
00631764
00632055
00632278
00632738
00633300
00633550
00633883
00634315
00634604
00634790
00634912
00635260
00635596
00635717
00635957
00636462
00636804
00637072
00637426
00637486
00637620
00637881
00638179
00638419
00638717
00638911
00639429
00639931
00640371
00640557
00640712
00641154
00641535
00641912
00642286
00642597
00642956
00643324
00643478
00643802
00644447
00645012
00645487
00645779
00646182
00646419
00646923
00647268
00648241
00648504
00649355
00649633
00650558
00650914
00651382
00651690
00652528
00652740
00652914
00653298
00653755
00654047
00654608
00655052
00655172
00655702
00655847
00656240
00656615
00656957
00657149
00657486
00657635
00657774
00658170
00658431
00659091
00659530
00659774
00660216
00660515
00660923
00661360
00661613
00661804
00662294
00662768
00663099
00663210
00663549
00663922
00664397
00664682
00664944
00665028
00665182
00665655
00665974
00666316
00666770
00667177
00668545
00668880
00669274
00669588
00670136
00670422
00670502
00671089
00671872
00672352
00672577
00673240
00673528
00673871
00674153
00674268
00674516
00674601
00675325
00675530
00675618
00675960
00676118
00676381
00676850
00677199
00677419
00678036
00678440
00678661
00678955
00679114
00679606
00680209
00680557
00680931
00681211
00681556
00681758
00681872
00682040
00682116
00682176
00682241
00682464
00683084
00683321
00683651
00683924
00684096
00684618
00684938
00685280
00685428
00685511
00685616
00685726
00685877
00685903
00685965
00686319
00686694
00687016
00687208
00687898
00688536
00688711
00688922
00689074
00689603
00689774
00690482
00691140
00691671
00692029
00692462
00692760
00693355
00693806
00694031
00694957
00695176
00695380
00695707
00695954
00696263
00696485
00696863
00696992
00697366
00697546
00698014
00698397
00698899
00699258
00699753
00699912
00700117
00700759
00701677
00702152
00702484
00702768
00702841
00702928
00703239
00703612
00703937
00704415
00704749
00704974
00705249
00705416
00705806
00706468
00706883
00707500
00707994
00708054
00708499
00708933
00709323
00709740
00710175
00710671
00710974
00711320
00711719
00712051
00712238
00712600
00712918
00713316
00713690
00714313
00714515
00714623
00714771
00715039
00715412
00715716
00716012
00716264
00716756
00717344
00717583
00717916
00718093
00718355
00718523
00718770
00719199
00719335
00719630
00719915
00720112
00720639
00721085
00721227
00721531
00721691
00722071
00722269
00722706
00722870
00723149
00723352
00723776
00724083
00724264
00724700
00724980
00725554
00726044
00726237
00726470
00727315
00727655
00727851
00727910
00727960
00728155
00728638
00728928
00729523
00729793
00730010
00730620
00731057
00731407
00731755
00732164
00732319
00732544
00732816
00733386
00733940
00734178
00734464
00735034
00735170
00735360
00735578
00735726
00735807
00735954
00736422
00736844
00737107
00737333
00737484
00737956
00738251
00738303
00738359
00738417
00738531
00738655
00738740
00738781
00738823
00738859
00738997
00739116
00739180
00739402
00739551
00739864
00740297
00740558
00740878
00741225
00741466
00741800
00741953
00742183
00742344
00742404
00742530
00742753
00742945
00743049
00743377
00743722
00744144
00744574
00744989
00745342
00745631
00746033
00746303
00746589
00746799
00746984
00747222
00747730
00748288
00748333
00748615
00748974
00749163
00749357
00749579
00749771
00750034
00750395
00750736
00751287
00751811
00752417
00752992
00753618
00754336
00754835
00755206
00755502
00756014
00756282
00756674
00757091
00757517
00757671
00757835
00758183
00758540
00759139
00759350
00759437
00759513
00759866
00760507
00761115
00761507
00761722
00762024
00762289
00762781
00763048
00763306
00763621
00763877
00764258
00764562
00764905
00765157
00765543
00765732
00765981
00766235
00766627
00767233
00767534
00767920
00768316
00768568
00769124
00769614
00769888
00770176
00770655
00771060
00771427
00771995
00772191
00772463
00772758
00773000
00773275
00773568
00774016
00774667
00775316
00775772
00776504
00776860
00777120
00777424
00777865
00778536
00778863
00779195
00779307
00779395
00779439
00779973
00780387
00780650
00780867
00781393
00781734
00782307
00782866
00783304
00783499
00783651
00783864
00784247
00784721
00784838
00785019
00785353
00785715
00785926
00786373
00786866
00787214
00787363
00787585
00787646
00787937
00788147
00788320
00788785
00789028
00789351
00789692
00789977
00790229
00790354
00790623
00790763
00791019
00791142
00791269
00791380
00791613
00791952
00792254
00792840
00793127
00793535
00793729
00794097
00794347
00794596
00795063
00795246
00795685
00796199
00796498
00796838
00797184
00797481
00797781
00798035
00798620
00799006
00799346
00799824
00800380
00800605
00800942
00801073
00801268
00801430
00802061
00802475
00803066
00803351
00803499
00803939
00804236
00804696
00805419
00805859
00806677
00806905
00807219
00807634
00807915
00808121
00808381
00808665
00809004
00809585
00809834
00810555
00810857
00811222
00811376
00811655
00812028
00812502
00812829
00813620
00814168
00814366
00814636
00814837
00815312
00815870
00816433
00816662
00816876
00817353
00817987
00818390
00818881
00819392
00819903
00820603
00821009
00821590
00821677
00822249
00822777
00823482
00823798
00824003
00824329
00824723
00825051
00825395
00825650
00825934
00826224
00826489
00827057
00827466
00827874
00828347
00828705
00829205
00829767
00830769
00831272
00831646
00832101
00832505
00832817
00833680
00834219
00834720
00835242
00835815
00836531
00836886
00837234
00837541
00837958
00838231
00838834
00839346
00839858
00840128
00840825
00841085
00841438
00841906
00842782
00843558
00844220
00844901
00845094
00845519
00846151
00846592
00846983
00847341
00847614
00848103
00848349
00848855
00849907
00850167
00850724
00851039
00851327
00851566
00851743
00852161
00852523
00852767
00853062
00853365
00853954
00854295
00854945
00855465
00855743
00856350
00856684
00857311
00857756
00858834
00859253
00859589
00860145
00860451
00860692
00861227
00861700
00861896
00862100
00862577
00863134
00863559
00863909
00864279
00864564
00864810
00865403
00865738
00866272
00866501
00866678
00867095
00867633
00868158
00868467
00868776
00869345
00869663
00870519
00871085
00871860
00872518
00872849
00873238
00873412
00873921
00874475
00874799
00875113
00875380
00876358
00876751
00877141
00877359
00877682
00878074
00878338
00878640
00878970
00879687
00879866
00880347
00880648
00880878
00881252
00881613
00881909
00882536
00882960
00883216
00883785
00884218
00884672
00885008
00885921
00886215
00886615
00887345
00887918
00888715
00889300
00889770
00890336
00890537
00891142
00891459
00891960
00892431
00892833
00893213
00893495
00893654
00894004
00894343
00894924
00895023
00895477
00896089
00896465
00896656
00896831
00897190
00897462
00897817
00898244
00898672
00899176
00899658
00900147
00900458
00900779
00900967
00901455
00901836
00902345
00902620
00903308
00903850
00904087
00904571
00904844
00905217
00905866
00906108
00906558
00906852
00907133
00907518
00907858
00908609
00909103
00909634
00910018
00910317
00910639
00911055
00911598
00912134
00912931
00913246
00913588
00913997
00914633
00915276
00915759
00917041
00917478
00917999
00918631
00918779
00919116
00919810
00920182
00920562
00920919
00921306
00921718
00922006
00922310
00922928
00923420
00923820
00924135
00924791
00925056
00925416
00925993
00926387
00926739
00927167
00927560
00928035
00928424
00929070
00929667
00930052
00930679
00930945
00931343
00932064
00932682
00933303
00933675
00934356
00934678
00934910
00935082
00936336
00936738
00937153
00937401
00937946
00938539
00939186
00939604
00939956
00940576
00941205
00941506
00942222
00942539
00942923
00943240
00943838
00944427
00944727
00944999
00945200
00945676
00945954
00946343
00946720
00947341
00948138
00948276
00948809
00949172
00949717
00950121
00950682
00951247
00951530
00951841
00952015
00952441
00952863
00953333
00953651
00954233
00954830
00955405
00955903
00956177
00956888
00957421
00957757
00958435
00959166
00959594
00960040
00960430
00961127
00962015
00962398
00962970
00963356
00963722
00964380
00964731
00965131
00965596
00965975
00966453
00966852
00967300
00967676
00968143
00968689
00969150
00969565
00970312
00970855
00971251
00971876
00972784
00973065
00973476
00974237
00974754
00975186
00975633
00976320
00976587
00976953
00977503
00978051
00978725
00979240
00980012
00980500
00981072
00981584
00982217
00982976
00983274
00983918
00984235
00984513
00984993
00985338
00985666
00986178
00986394
00986924
00987618
00987839
00988458
00989512
00990176
00990923
00990964
00991029
00991889
00993136
00993179
00993503
00993888
00994357
00995082
00995501
00996306
00996648
00996961
00997574
00997933
00998917
00999790
00008165
00017266
00021932
00024805
00028639
00032409
00037130
00043915
00048846
00053122
00056836
00060556
00063816
00071436
00075664
00080605
00085778
00091688
00096553
00099083
00102613
00107152
00112697
00116176
00120721
00125816
00130610
00135196
00137031
00139834
00142470
00151263
00157779
00164927
00171297
00176166
00179937
00185253
00191330
00197488
00203334
00211362
00218784
00221517
00226227
00230447
00232799
00237739
00241670
00244283
00247378
00251735
00257411
00262237
00264023
00267016
00270868
00271438
00272819
00275121
00279143
00281987
00284156
00285724
00288065
00290624
00294042
00298323
00301403
00306258
00307334
00308189
00309944
00313606
00318877
00321091
00322813
00327220
00330346
00333469
00339604
00343807
00346816
00351042
00353627
00355989
00358260
00361387
00362520
00366188
00371538
00378212
00381667
00385630
00389352
00392880
00398734
00404568
00409755
00414828
00418948
00419376
00421790
00424414
00426939
00434748
00439201
00444540
00451104
00456867
00460305
00462084
00466104
00469660
00472322
00477114
00481396
00486644
00490322
00494751
00497102
00500174
00505046
00508308
00513544
00518469
00521437
00527604
00530229
00532126
00535751
00539877
00542924
00548903
00555565
00559315
00563269
00567683
00571240
00578099
00582798
00586626
00589938
00595102
00599125
00602799
00607203
00612912
00615339
00618151
00625315
00629901
00633678
00636619
00640798
00645856
00652646
00657473
00663128
00669424
00674005
00680596
00682743
00685602
00687021
00690752
00697266
00702958
00707742
00712981
00718187
00721266
00723778
00729366
00735811
00738329
00739774
00743257
00748349
00751534
00758230
00762440
00768407
00772375
00776841
00781694
00785127
00787582
00790248
00793523
00797425
00805530
00810795
00817186
00826208
00832897
00844723
00851332
00860846
00867731
00874643
00878650
00884424
00892547
00898219
00907689
00913761
00918893
00923761
00932695
00938308
00944114
00951938
00959235
00964129
00975757
00982722
00989125
00993549
00998540
