00007648
00015588
00020602
00025814
00033625
00038614
00044486
00050446
00059014
00066795
00073228
00082080
00089194
00096891
00106787
00114657
00125206
00131609
00138168
00145748
00152696
00160940
00168212
00177495
00184906
00192442
00200380
00207052
00212725
00219081
00222985
00228542
00232902
00236422
00240195
00244336
00252176
00260991
00267701
00271352
00273866
00279098
00282254
00286033
00293490
00297204
00303021
00306504
00308332
00313536
00317683
00321555
00324981
00331543
00336287
00345970
00351852
00356815
00359414
00365223
00369812
00375802
00384541
00392761
00404483
00414055
00420302
00423325
00428859
00439331
00447233
00459112
00464159
00470963
00476513
00480145
00486789
00493335
00496358
00501701
00506850
00510943
00518528
00522138
00527726
00530481
00536778
00540804
00546589
00553273
00561326
00568333
00573970
00583114
00595823
00604040
00607508
00613340
00620185
00627909
00634917
00640597
00649358
00656915
00663106
00673343
00682055
00685890
00694828
00699297
00703158
00709299
00714815
00723326
00734376
00738853
00742341
00746961
00752500
00762327
00770520
00778108
00783492
00787967
00792465
00800467
00809229
00815309
00823786
00831489
00836896
00843777
00852892
00861118
00867509
00877074
00881494
00893476
00898650
00909584
00918874
00927597
00935125
00942107
00951972
00959397
00967732
00974811
00979943
00985779
00993185
00000356
00001005
00001410
00001965
00002347
00002855
00003419
00003867
00004320
00004929
00005312
00005560
00005921
00006519
00006875
00007202
00007687
00008168
00008629
00009186
00009635
00009993
00010443
00010661
00011365
00012025
00012232
00012936
00013432
00014067
00014524
00014943
00015266
00015584
00015725
00016073
00016447
00016875
00017020
00017079
00017106
00017142
00017174
00017295
00017360
00017451
00017562
00018242
00019719
00019924
00020386
00020819
00021009
00021078
00021352
00021654
00021905
00021970
00022084
00022164
00022324
00022608
00022689
00022834
00022904
00023781
00024379
00024751
00025003
00025266
00025598
00025931
00026261
00026574
00026647
00026772
00026819
00026912
00027114
00027427
00027805
00028215
00028893
00029146
00029540
00029731
00029952
00030354
00030839
00030973
00031168
00031336
00031988
00032251
00032653
00032980
00033224
00033621
00033874
00034239
00034412
00034753
00035098
00035193
00035335
00035473
00035771
00036237
00036325
00036462
00036838
00037127
00037398
00037998
00038424
00039006
00039256
00039531
00039758
00039895
00040146
00040832
00041216
00041746
00042094
00042294
00042557
00042942
00043479
00043873
00044388
00044648
00045087
00045353
00045891
00046170
00047021
00047212
00047493
00047841
00048030
00048657
00048958
00049405
00050077
00050311
00050504
00050721
00051120
00051433
00051545
00052006
00052454
00053011
00053245
00053495
00053626
00053950
00054306
00054519
00054897
00055620
00055986
00056378
00056648
00056987
00057165
00057579
00058146
00058475
00058801
00059062
00059325
00059401
00059588
00059927
00060190
00060658
00061252
00061507
00061969
00062282
00062817
00063322
00063660
00063969
00064229
00064378
00064504
00065041
00065334
00065556
00066012
00066495
00066827
00067120
00067235
00067446
00067738
00068098
00068378
00068631
00069008
00069547
00069929
00070613
00071261
00071527
00071652
00071973
00072374
00072922
00073184
00073877
00074331
00074804
00074962
00075755
00076233
00076495
00077360
00077635
00077676
00077986
00078391
00078638
00079232
00079418
00079621
00079786
00080486
00080757
00080983
00081352
00081553
00081941
00082223
00082349
00082718
00083068
00083315
00083881
00084355
00084789
00085023
00085430
00086467
00086715
00086955
00087302
00087605
00087726
00088130
00088683
00089211
00089316
00089781
00090572
00090868
00091060
00091427
00091690
00092238
00092536
00092900
00093349
00093808
00094112
00094270
00094587
00095071
00095182
00095517
00095840
00096285
00096444
00096579
00096756
00097019
00097340
00097627
00098041
00098311
00098823
00099012
00099257
00100072
00100468
00100756
00101344
00101424
00101520
00101605
00101771
00101984
00102103
00102260
00102659
00103138
00103313
00103661
00103935
00104098
00104347
00104633
00104997
00105148
00105215
00105283
00105466
00105877
00106161
00106889
00107227
00107535
00107854
00108441
00108729
00109041
00109391
00109692
00109935
00110378
00110626
00111244
00111686
00112110
00112459
00113000
00113466
00113991
00114396
00114684
00114894
00115165
00115472
00115902
00116103
00116434
00116668
00116856
00117226
00117431
00117743
00118158
00118568
00119115
00119391
00119552
00119651
00119920
00120278
00120635
00121026
00121345
00121970
00122476
00123175
00123489
00123724
00123931
00124445
00124937
00125295
00125850
00126031
00126143
00126348
00126518
00126837
00127197
00127394
00127812
00128232
00128765
00128980
00129336
00130518
00130581
00130773
00130888
00131378
00131682
00132086
00132274
00132493
00132632
00132984
00133399
00133678
00133931
00134347
00134593
00134838
00135181
00135307
00135542
00135873
00136539
00136703
00136916
00136968
00137080
00137266
00137699
00138197
00138771
00138885
00139232
00139559
00139813
00140099
00140707
00141142
00141269
00141408
00141451
00141865
00142357
00142696
00143001
00143793
00144099
00144326
00144671
00145278
00145539
00145845
00146234
00146568
00146959
00147292
00147507
00147906
00150281
00150542
00150715
00150889
00152230
00152495
00152733
00153034
00153679
00153960
00154449
00154936
00155486
00155931
00156941
00157233
00157805
00158353
00158793
00159191
00159477
00160073
00160730
00160914
00161281
00161434
00161617
00161832
00162051
00162477
00162741
00163106
00163535
00163847
00164286
00164483
00164976
00165425
00165802
00166093
00166387
00166644
00166959
00167274
00167534
00168004
00168340
00168942
00169331
00169741
00170165
00170579
00171187
00171490
00171964
00172418
00172717
00173018
00173570
00173862
00174084
00174417
00174567
00174863
00175028
00175447
00175658
00175911
00176131
00176591
00176714
00177001
00177410
00177642
00177966
00178064
00178533
00178835
00179168
00179283
00179683
00179962
00180238
00180787
00181250
00181880
00182226
00182421
00182627
00182843
00182998
00183201
00183426
00183855
00184077
00184349
00184648
00184995
00185363
00185702
00186227
00186752
00187104
00187313
00187443
00188166
00188663
00189194
00189232
00189525
00190078
00190648
00191044
00191201
00191501
00191888
00192468
00192811
00193414
00193676
00194084
00194487
00194989
00195575
00195836
00196308
00196526
00197150
00197478
00197744
00198154
00198523
00198918
00199117
00199646
00199912
00200270
00200439
00200779
00201045
00201526
00201800
00202614
00203033
00203466
00204093
00204404
00205064
00205564
00205773
00206108
00206808
00207077
00207777
00208191
00208355
00208492
00209100
00209337
00210113
00210328
00210667
00210907
00211338
00211814
00212364
00212682
00213302
00213576
00214081
00214290
00214622
00215280
00215554
00215798
00216097
00216313
00216753
00217195
00217549
00217724
00218008
00218349
00218435
00218778
00218904
00219038
00219192
00219584
00219859
00219886
00219907
00220231
00220553
00220798
00220913
00220997
00221076
00221318
00221543
00221889
00221959
00222069
00222366
00222547
00222759
00223097
00223407
00223608
00223768
00223951
00224225
00224432
00224863
00225416
00225696
00226264
00226379
00226706
00227205
00227344
00227552
00227617
00227686
00227931
00228233
00228569
00229223
00229492
00229718
00230151
00230467
00230610
00230945
00231099
00231351
00231536
00231692
00231886
00231925
00231972
00232059
00232382
00232553
00232730
00232776
00232885
00232961
00233448
00233979
00234291
00234586
00234775
00235135
00235553
00236008
00236177
00236493
00236770
00237266
00237353
00237737
00238018
00238274
00238511
00238785
00238935
00239316
00239564
00239816
00240058
00240510
00240881
00241154
00241268
00241542
00241687
00242025
00242408
00242775
00243033
00243234
00243483
00243942
00244278
00244549
00244712
00245224
00245521
00245842
00246014
00246289
00246768
00247023
00247160
00247489
00247924
00248420
00248797
00249186
00249293
00249470
00249681
00249872
00250488
00250823
00251294
00251737
00251959
00252141
00252469
00252717
00253066
00253818
00254253
00254618
00254912
00255561
00255734
00256166
00256417
00256623
00256903
00257528
00257672
00257812
00258416
00258648
00258907
00259179
00259522
00259798
00260134
00260365
00261057
00261293
00261590
00262213
00262423
00262537
00262689
00262900
00263030
00263223
00263511
00263578
00263616
00263945
00263983
00264035
00264335
00264496
00264685
00264709
00264929
00265300
00265709
00266087
00266335
00266394
00266592
00267125
00267493
00267718
00267948
00268131
00268316
00268609
00269452
00270093
00270328
00270645
00270763
00270793
00270819
00270846
00270874
00270931
00270981
00271098
00271132
00271174
00271208
00271313
00271392
00271648
00272081
00272381
00272513
00272561
00272604
00272636
00272749
00272785
00272842
00272893
00272951
00273200
00273330
00273687
00274040
00274427
00274478
00274545
00274700
00275089
00275395
00275428
00275663
00276091
00276156
00276381
00276758
00277245
00277477
00277658
00277889
00278152
00278442
00278991
00279150
00279488
00279649
00279799
00279951
00280084
00280157
00280285
00280414
00280504
00280564
00280859
00281055
00281305
00281515
00281850
00281993
00282161
00282305
00282677
00283179
00283815
00284004
00284184
00284244
00284370
00284575
00284817
00284841
00284865
00284945
00285228
00285400
00285667
00285762
00285809
00286060
00286334
00286433
00287315
00287632
00287964
00288357
00288563
00288876
00289160
00289554
00289996
00290240
00290431
00290616
00290849
00291158
00291563
00292019
00292217
00292529
00292944
00293454
00293784
00294067
00294230
00294505
00294983
00295361
00295746
00295993
00296131
00296388
00296816
00296935
00297248
00297338
00297458
00297902
00298025
00298319
00298640
00298936
00299059
00299325
00299711
00299940
00300076
00300494
00300636
00300924
00301290
00301401
00301534
00301874
00302116
00302304
00302557
00302916
00303293
00303632
00303964
00304260
00304766
00305050
00305337
00305495
00305791
00306112
00306352
00306490
00306542
00306618
00306829
00307022
00307167
00307244
00307271
00307327
00307522
00307687
00307723
00307785
00307849
00307951
00308186
00308269
00308399
00308454
00308573
00308765
00309061
00309225
00309499
00309654
00309953
00310247
00310575
00310851
00311023
00311177
00311429
00311978
00312291
00312496
00312727
00312951
00313068
00313309
00313373
00313459
00313514
00313588
00313771
00313996
00314177
00314589
00314861
00315306
00315861
00316444
00316835
00317156
00317376
00317661
00317775
00318108
00318605
00318973
00319302
00319366
00319462
00319569
00319719
00319789
00319980
00320225
00320506
00320802
00320954
00321066
00321172
00321305
00321433
00321507
00321576
00321866
00322036
00322269
00322408
00322829
00323026
00323194
00323359
00323511
00323587
00323933
00324452
00324770
00325363
00325742
00326021
00326427
00326742
00327306
00327530
00327712
00327940
00328168
00328516
00328813
00329282
00329522
00330210
00330498
00330842
00331034
00331280
00331864
00332169
00332415
00332551
00333061
00333481
00333668
00334110
00334531
00335021
00335279
00335561
00335964
00336188
00336445
00336672
00336833
00337239
00337658
00338139
00338453
00338863
00339379
00339691
00339861
00340168
00340333
00340709
00341304
00341601
00341995
00342298
00342736
00342843
00342940
00342972
00343005
00343137
00343409
00344021
00344396
00344853
00345100
00345225
00345472
00346055
00346442
00346841
00347282
00347584
00347997
00348602
00348933
00349151
00349892
00349968
00350232
00350529
00350945
00351287
00351415
00351608
00351862
00352038
00352161
00352333
00352545
00352644
00352980
00353454
00353599
00353616
00353644
00353684
00353859
00353971
00354464
00354866
00355171
00355526
00356124
00356345
00356441
00356633
00356728
00356926
00357038
00357415
00357775
00358333
00358695
00359101
00359126
00359178
00359420
00359484
00359709
00359830
00359859
00359894
00359979
00360384
00360619
00360894
00361257
00361372
00361476
00361574
00361779
00361934
00362242
00362620
00363105
00363741
00364212
00364487
00364791
00365245
00365505
00365763
00366260
00366372
00366526
00366980
00367071
00367402
00367921
00368191
00368648
00368795
00369036
00369487
00369936
00370657
00370960
00371438
00371566
00371648
00372278
00372813
00373098
00373207
00373456
00373715
00374368
00374817
00375342
00375637
00375782
00375958
00377595
00378290
00378388
00378484
00379121
00379456
00379856
00380493
00380671
00381081
00381656
00381979
00382395
00382438
00382738
00382844
00383777
00384130
00384539
00384660
00385140
00385288
00385462
00385800
00386285
00386686
00386854
00387091
00387305
00387679
00388344
00388796
00388998
00389358
00389466
00389769
00390078
00390312
00390556
00391310
00391923
00392397
00392682
00393216
00393801
00394249
00394672
00395122
00395404
00396064
00396528
00396758
00396915
00397381
00397760
00398343
00398885
00399227
00399668
00399980
00400522
00401193
00401806
00402140
00402778
00402849
00403168
00403626
00404373
00404629
00405020
00405486
00405732
00406040
00406680
00406995
00407445
00408140
00408561
00409117
00409666
00409964
00410119
00410475
00410836
00411096
00411434
00411817
00412283
00412569
00413008
00413628
00414058
00414496
00415333
00415666
00416215
00416600
00416966
00417234
00417759
00418064
00418603
00418761
00418820
00418867
00418961
00419027
00419124
00419274
00419366
00419416
00419635
00419926
00420323
00420715
00421185
00421365
00421609
00421710
00421819
00421893
00421961
00422116
00422182
00422234
00422306
00422351
00422527
00422866
00423282
00423716
00424154
00424375
00424667
00424965
00425119
00425297
00425523
00426056
00426772
00426943
00427224
00427484
00427929
00428060
00428818
00429081
00429680
00430440
00430729
00430955
00431654
00431967
00432174
00432456
00432952
00433406
00433766
00434203
00434439
00434784
00434939
00435084
00435644
00435928
00436560
00436691
00436840
00437015
00437474
00437821
00438037
00438256
00438638
00438894
00439317
00439767
00440162
00440366
00440495
00440706
00440996
00441692
00442190
00442473
00442661
00442901
00443194
00443409
00443895
00444448
00444676
00445056
00445450
00445995
00446571
00446804
00447639
00447768
00447857
00448123
00448474
00448836
00449177
00450066
00450653
00451255
00451915
00452543
00452964
00453523
00454015
00454534
00454733
00454965
00455435
00455560
00455910
00456308
00456542
00456663
00457068
00457562
00457808
00457945
00458624
00459306
00459481
00459959
00460260
00460411
00460829
00461189
00461591
00461749
00461882
00462208
00462876
00463334
00463561
00463851
00464311
00464513
00464851
00465387
00465893
00466165
00466394
00466736
00467029
00467466
00467853
00468392
00468713
00469174
00469547
00469839
00470056
00470261
00470642
00470959
00471103
00471601
00472278
00472620
00472737
00473026
00473224
00473425
00473674
00473961
00474316
00474750
00474919
00475326
00475553
00476093
00476605
00477133
00477340
00477851
00478117
00478225
00478356
00478639
00478877
00479386
00479476
00479739
00480117
00480381
00480784
00481174
00481292
00481608
00482039
00482279
00482570
00482918
00483388
00483906
00484393
00484804
00485202
00485771
00486032
00486246
00486356
00486554
00486656
00486846
00487041
00487174
00487417
00487654
00488122
00488427
00488893
00489016
00489183
00489365
00489620
00489713
00490123
00490815
00491576
00492334
00492543
00492760
00492963
00493123
00493315
00493438
00493704
00493853
00494075
00494284
00494516
00494941
00495246
00495628
00496123
00496302
00496466
00496522
00496659
00496996
00497141
00497545
00498109
00498571
00498953
00499305
00499546
00499868
00500020
00500144
00500301
00500452
00500603
00500714
00500925
00501159
00501625
00501982
00502909
00503339
00503686
00503932
00504320
00504969
00505322
00505736
00505963
00506679
00506946
00507140
00507436
00507627
00507757
00507944
00508167
00508400
00508709
00508954
00509718
00510043
00510396
00510654
00510844
00510973
00511106
00511220
00511577
00511839
00512142
00512496
00512955
00513319
00513884
00514137
00514490
00514705
00514792
00514990
00515341
00515704
00516122
00516340
00516650
00516984
00517206
00517395
00517569
00517884
00518233
00518445
00518803
00518921
00519023
00519116
00519288
00519420
00519578
00519783
00520123
00520291
00520566
00520735
00520941
00521089
00521621
00521969
00522097
00522442
00522690
00522982
00523223
00523687
00523882
00524133
00524704
00525017
00525535
00525919
00526232
00526617
00527133
00527319
00527452
00527539
00527606
00527724
00528146
00528693
00529134
00529409
00529703
00529908
00529951
00530027
00530211
00530252
00530322
00530385
00530439
00530496
00530545
00530595
00530701
00531140
00531324
00531467
00531759
00531945
00532348
00532702
00532985
00533250
00533454
00533630
00534117
00534492
00534717
00534915
00535305
00535472
00535753
00535819
00536284
00536717
00536891
00536998
00537319
00537462
00537531
00537703
00538234
00538508
00538673
00539118
00539447
00539889
00540052
00540314
00540440
00540597
00540758
00540792
00540883
00541488
00541886
00542162
00542578
00542896
00543273
00544204
00544589
00545114
00545594
00545859
00546235
00546586
00546996
00547574
00548187
00548434
00548871
00549173
00549578
00549941
00550798
00551009
00551348
00551810
00552256
00552761
00553185
00553692
00554016
00554383
00554581
00554746
00554996
00555528
00555779
00556106
00556583
00556797
00557519
00557757
00557892
00558163
00558536
00558716
00559051
00559591
00560363
00560595
00560778
00560995
00561182
00561332
00561533
00561903
00562142
00562419
00562760
00563819
00564243
00564509
00564966
00565405
00565844
00566128
00566583
00566898
00567288
00567617
00567789
00568114
00568370
00568509
00568707
00568976
00569058
00569475
00569605
00569745
00570170
00570484
00570850
00571231
00571418
00571581
00571757
00571941
00572215
00572403
00572635
00572816
00573354
00573466
00573903
00574078
00574384
00574987
00575475
00575639
00575815
00576156
00576709
00576946
00577251
00577469
00578007
00578266
00578820
00579037
00579277
00579722
00579933
00580047
00580334
00580545
00580889
00581223
00581342
00581617
00581908
00582231
00582477
00582756
00582879
00583202
00583548
00583792
00584128
00584361
00584948
00585260
00585692
00586262
00586562
00586886
00587381
00587730
00588020
00588322
00588482
00588787
00588976
00589533
00589895
00590070
00590269
00590554
00590772
00591117
00591897
00592253
00592508
00592739
00593103
00593381
00593847
00594075
00594207
00594593
00595018
00595192
00595647
00595922
00596255
00596554
00596740
00596845
00597414
00598027
00598616
00599343
00599747
00600150
00600297
00600571
00600966
00601150
00601322
00601423
00601941
00602165
00602273
00602642
00602825
00603046
00603538
00603989
00604246
00604581
00604888
00605498
00605936
00606078
00606516
00606702
00607137
00607312
00607673
00607865
00608038
00608452
00608712
00608935
00609606
00610331
00610655
00610883
00611247
00611528
00611807
00611880
00611934
00612154
00612499
00612979
00613291
00613410
00613668
00613831
00613884
00613962
00614078
00614415
00614692
00614743
00614976
00615203
00615336
00615864
00616116
00616447
00616953
00617173
00617360
00617545
00617875
00618150
00618501
00618736
00619135
00619395
00619613
00619779
00620189
00620321
00620642
00620929
00621336
00621555
00622137
00622338
00622711
00623312
00623813
00624097
00624290
00624700
00624872
00625155
00625359
00625564
00625977
00626537
00627183
00627581
00628173
00628648
00629084
00629455
00629871
00630199
00630682
00630926
00631326
00632040
00632217
00632492
00632916
00633382
00633771
00634183
00634508
00634762
00634818
00635126
00635532
00635624
00635822
00636350
00636683
00636947
00637201
00637453
00637563
00637711
00638031
00638267
00638562
00638757
00639195
00639664
00640036
00640518
00640639
00640907
00641251
00641708
00642046
00642408
00642720
00643159
00643435
00643536
00643966
00644686
00645160
00645682
00645941
00646340
00646699
00647036
00648051
00648407
00649067
00649540
00650214
00650681
00651139
00651585
00651952
00652663
00652768
00653110
00653501
00653971
00654193
00654731
00655090
00655491
00655748
00656011
00656352
00656841
00657070
00657292
00657591
00657676
00657816
00658266
00658706
00659232
00659683
00659847
00660341
00660675
00661110
00661480
00661708
00662023
00662665
00662892
00663166
00663280
00663651
00664168
00664554
00664789
00664975
00665053
00665364
00665701
00666089
00666617
00666894
00668429
00668792
00668947
00669466
00669908
00670288
00670447
00670788
00671198
00672102
00672433
00672901
00673314
00673732
00673973
00674228
00674393
00674543
00674798
00675482
00675557
00675870
00676059
00676207
00676692
00676987
00677288
00677712
00678170
00678530
00678824
00679019
00679361
00679891
00680403
00680697
00681054
00681530
00681603
00681822
00681989
00682098
00682135
00682202
00682277
00682769
00683228
00683528
00683755
00684049
00684436
00684804
00685248
00685359
00685462
00685576
00685675
00685841
00685892
00685918
00686134
00686557
00686934
00687068
00687808
00688123
00688675
00688801
00688968
00689352
00689625
00689921
00690653
00691270
00691912
00692126
00692559
00693139
00693541
00693935
00694546
00695071
00695235
00695503
00695747
00696148
00696431
00696651
00696929
00697197
00697491
00697881
00698193
00698850
00699027
00699407
00699895
00700011
00700669
00701273
00702079
00702315
00702635
00702804
00702885
00703077
00703402
00703763
00704162
00704466
00704880
00705124
00705295
00705655
00705936
00706591
00707014
00707732
00708018
00708361
00708745
00709055
00709503
00709957
00710478
00710757
00711186
00711430
00711948
00712140
00712542
00712747
00713122
00713542
00713922
00714455
00714566
00714668
00714935
00715203
00715539
00715790
00716074
00716677
00717025
00717412
00717827
00717991
00718172
00718412
00718622
00718992
00719282
00719482
00719771
00720026
00720211
00720911
00721163
00721271
00721628
00721798
00722173
00722411
00722793
00722925
00723272
00723520
00724009
00724224
00724446
00724844
00725477
00725743
00726153
00726350
00727120
00727506
00727791
00727877
00727919
00728109
00728364
00728818
00729337
00729637
00729934
00730346
00730856
00731216
00731554
00731810
00732248
00732417
00732737
00733041
00733579
00734024
00734294
00734520
00735148
00735248
00735431
00735656
00735781
00735848
00736151
00736586
00736951
00737266
00737386
00737595
00738009
00738261
00738336
00738373
00738475
00738620
00738710
00738763
00738796
00738841
00738877
00739064
00739153
00739288
00739480
00739763
00740025
00740312
00740732
00740952
00741375
00741617
00741906
00742161
00742324
00742367
00742430
00742691
00742774
00742998
00743219
00743608
00743987
00744352
00744891
00745133
00745602
00745876
00746174
00746497
00746637
00746903
00747063
00747551
00748276
00748302
00748445
00748875
00749143
00749257
00749521
00749742
00749822
00750276
00750625
00751028
00751453
00751966
00752816
00753223
00754134
00754561
00754995
00755358
00755859
00756237
00756512
00756839
00757234
00757563
00757778
00758055
00758332
00758810
00759302
00759392
00759472
00759578
00760308
00760844
00761198
00761607
00761931
00762157
00762496
00762893
00763241
00763570
00763716
00764025
00764399
00764681
00765050
00765293
00765645
00765908
00766120
00766433
00766749
00767277
00767820
00767994
00768403
00768738
00769439
00769733
00769995
00770397
00770872
00771174
00771665
00772111
00772373
00772616
00772950
00773093
00773469
00773744
00774337
00774936
00775636
00775929
00776843
00776928
00777283
00777566
00778368
00778808
00779098
00779280
00779366
00779410
00779785
00780135
00780560
00780774
00781115
00781516
00782071
00782571
00783096
00783351
00783563
00783806
00783993
00784452
00784795
00784920
00785124
00785521
00785850
00786198
00786513
00787129
00787274
00787458
00787614
00787804
00788050
00788277
00788577
00788928
00789251
00789511
00789805
00790116
00790331
00790590
00790669
00790827
00791072
00791200
00791313
00791450
00791783
00792159
00792577
00792893
00793313
00793613
00793903
00794192
00794453
00794757
00795134
00795445
00795805
00796290
00796753
00796919
00797436
00797612
00797880
00798502
00798810
00799169
00799596
00800094
00800408
00800745
00800986
00801180
00801334
00801797
00802350
00802568
00803196
00803403
00803593
00804077
00804516
00805101
00805598
00806399
00806832
00807026
00807421
00807743
00807994
00808333
00808585
00808850
00809236
00809708
00810171
00810689
00811072
00811306
00811528
00811786
00812324
00812659
00813391
00814041
00814234
00814463
00814714
00815067
00815497
00816063
00816548
00816787
00817081
00817522
00818192
00818665
00819206
00819756
00820325
00820682
00821376
00821608
00821981
00822600
00823130
00823780
00823898
00824079
00824503
00824933
00825120
00825541
00825905
00826154
00826340
00826602
00827292
00827601
00828065
00828496
00828909
00829528
00830360
00831050
00831475
00831769
00832256
00832576
00833422
00834063
00834399
00834912
00835706
00836206
00836797
00837148
00837394
00837638
00838088
00838491
00838933
00839656
00840060
00840702
00840943
00841272
00841561
00842066
00843375
00843877
00844665
00845021
00845374
00845827
00846426
00846775
00847148
00847440
00847849
00848275
00848582
00849550
00850098
00850526
00850962
00851206
00851433
00851648
00851964
00852228
00852647
00852946
00853186
00853728
00854216
00854394
00855190
00855590
00856042
00856446
00856874
00857592
00858007
00859166
00859395
00859728
00860304
00860589
00860840
00861470
00861823
00862021
00862335
00862806
00863232
00863750
00864062
00864492
00864628
00864915
00865592
00866148
00866422
00866519
00866950
00867469
00867796
00868329
00868595
00869058
00869530
00870088
00870892
00871374
00872202
00872732
00873073
00873296
00873683
00874382
00874587
00874885
00875228
00875755
00876588
00876907
00877280
00877532
00877769
00878222
00878438
00878852
00879324
00879817
00880024
00880493
00880809
00881144
00881428
00881794
00882296
00882758
00883018
00883479
00884052
00884566
00884892
00885602
00886076
00886358
00886785
00887728
00888431
00888995
00889689
00890020
00890479
00890776
00891227
00891681
00892043
00892717
00893100
00893380
00893579
00893701
00894097
00894567
00895005
00895220
00895795
00896183
00896590
00896729
00897034
00897332
00897646
00898084
00898411
00898949
00899360
00899919
00900341
00900695
00900879
00901198
00901663
00902023
00902564
00903123
00903563
00903950
00904197
00904703
00905062
00905650
00905915
00906458
00906703
00906956
00907269
00907753
00908334
00908752
00909319
00909808
00910087
00910563
00910823
00911380
00911959
00912469
00913101
00913330
00913829
00914226
00915162
00915690
00916664
00917262
00917660
00918315
00918725
00918870
00919339
00920110
00920375
00920738
00921040
00921377
00921921
00922187
00922736
00923242
00923579
00923936
00924576
00924979
00925246
00925610
00926142
00926678
00926933
00927469
00927765
00928119
00928763
00929270
00929813
00930338
00930788
00931075
00931888
00932428
00932885
00933515
00934084
00934554
00934811
00934956
00935231
00936578
00936887
00937204
00937425
00938330
00938893
00939343
00939689
00940149
00940989
00941405
00941985
00942315
00942724
00943072
00943572
00944238
00944619
00944865
00945050
00945462
00945831
00946275
00946544
00947134
00947813
00948170
00948433
00949040
00949466
00949887
00950464
00951036
00951508
00951669
00951931
00952173
00952730
00953271
00953409
00953915
00954703
00955181
00955634
00956127
00956374
00957215
00957608
00958127
00958581
00959440
00959729
00960326
00960949
00961390
00962208
00962825
00963130
00963537
00964044
00964456
00965024
00965459
00965688
00966231
00966625
00966994
00967576
00967935
00968475
00968937
00969450
00970030
00970618
00971028
00971498
00972301
00972987
00973377
00973669
00974445
00974825
00975350
00975911
00976413
00976735
00977104
00977738
00978147
00979017
00979696
00980290
00980757
00981404
00981756
00982654
00983177
00983686
00984033
00984403
00984762
00985182
00985553
00986023
00986299
00986708
00987287
00987734
00988185
00988628
00989658
00990366
00990949
00990980
00991671
00992467
00993160
00993255
00993587
00994068
00994641
00995269
00995611
00996473
00996853
00997527
00997753
00998748
00999133
00003202
00011994
00020410
00022820
00026398
00030109
00035173
00040142
00047597
00050245
00054183
00059509
00062835
00066501
00073879
00078627
00082709
00088769
00095615
00097597
00101442
00104999
00109593
00114107
00118249
00122053
00129479
00132396
00136686
00137274
00141432
00147488
00155017
00160686
00169037
00174324
00177611
00182621
00189378
00194985
00199546
00207778
00216277
00220538
00223213
00228538
00231611
00235999
00240102
00242659
00246265
00248763
00255159
00257801
00263288
00264702
00270192
00271124
00272626
00273251
00276682
00280284
00282310
00284857
00286347
00288900
00292247
00296817
00300515
00303878
00306657
00307731
00309279
00313378
00317365
00319736
00321538
00323519
00328764
00331316
00336010
00342826
00344863
00349168
00352103
00354895
00356481
00359558
00361888
00363999
00368264
00373599
00379341
00383090
00387303
00391107
00396603
00402740
00407919
00411534
00418694
00419254
00421231
00422312
00425313
00429508
00437709
00442012
00448269
00455548
00459434
00461045
00463799
00467569
00470496
00475639
00478946
00484633
00487387
00493007
00496456
00498989
00501857
00507156
00511037
00517112
00519125
00527009
00529158
00530509
00533233
00537444
00540766
00546668
00551349
00557756
00561257
00565763
00569098
00573906
00580937
00584059
00588446
00592210
00596581
00601185
00605826
00611215
00614164
00617127
00622284
00626454
00631516
00634613
00638568
00643265
00649357
00654681
00662063
00666744
00671617
00677467
00682037
00684380
00685835
00688976
00695148
00700275
00704963
00709348
00716336
00719148
00722536
00726160
00731796
00736588
00738765
00742436
00746731
00749674
00754211
00759808
00764572
00770345
00774212
00779306
00783643
00786495
00788473
00791946
00795062
00803146
00808839
00815196
00822604
00828954
00838052
00847041
00857355
00864872
00870526
00876847
00880877
00888193
00895279
00903862
00910601
00916895
00921039
00928005
00934670
00939675
00948169
00954709
00961281
00970411
00979145
00985731
00990969
00996027
