00001907
00009547
00016424
00021104
00026943
00035085
00041772
00045135
00052336
00060309
00067927
00075616
00083216
00091649
00101191
00107228
00117213
00125988
00132730
00140706
00147310
00154238
00161544
00168843
00180090
00186954
00195147
00202163
00208275
00216367
00219891
00223808
00230494
00234195
00238109
00241271
00246036
00256560
00262661
00268284
00272362
00274625
00280175
00283762
00287841
00294125
00299397
00303875
00307173
00309284
00313946
00318785
00322315
00327724
00332908
00338132
00347615
00352587
00357185
00360103
00366820
00372281
00379117
00386227
00395475
00408096
00417142
00421814
00425003
00433717
00440070
00451742
00460112
00465388
00471383
00477464
00481497
00488419
00493674
00496893
00502640
00507636
00514556
00518802
00524702
00529213
00533417
00537503
00541592
00548213
00554754
00562665
00570635
00576649
00585252
00599746
00605266
00608556
00614012
00622794
00631214
00636045
00642035
00652493
00658242
00664516
00673869
00682548
00687083
00696149
00701158
00703900
00710168
00717136
00725203
00735803
00739344
00742557
00748278
00755989
00763620
00772578
00779074
00784713
00788789
00794467
00800972
00810270
00817047
00825201
00833602
00838581
00845253
00855634
00861690
00869139
00878083
00882872
00894530
00903530
00911570
00920837
00929069
00936617
00944385
00954340
00960368
00968464
00976340
00981373
00987887
00995430
00000633
00001020
00001537
00001995
00002507
00002975
00003593
00004043
00004383
00005041
00005318
00005597
00006137
00006577
00007026
00007280
00007810
00008299
00008929
00009255
00009801
00010158
00010473
00010700
00011434
00012047
00012301
00012995
00013561
00014187
00014754
00014981
00015286
00015610
00015762
00016199
00016623
00016916
00017045
00017084
00017117
00017149
00017267
00017305
00017368
00017459
00017734
00018360
00019741
00020346
00020424
00020886
00021030
00021107
00021518
00021713
00021921
00022009
00022092
00022176
00022370
00022626
00022780
00022843
00023049
00023985
00024529
00024827
00025076
00025360
00025805
00025936
00026332
00026616
00026674
00026778
00026838
00026983
00027217
00027451
00027926
00028284
00028923
00029173
00029561
00029788
00030060
00030523
00030923
00030987
00031181
00031427
00032038
00032274
00032843
00033094
00033310
00033681
00034002
00034256
00034482
00034973
00035114
00035200
00035364
00035500
00035904
00036283
00036365
00036545
00036989
00037156
00037494
00038261
00038580
00039093
00039291
00039578
00039765
00039909
00040229
00040913
00041308
00041804
00042158
00042396
00042574
00043061
00043534
00044108
00044449
00044736
00045128
00045399
00045940
00046438
00047056
00047300
00047520
00047935
00048081
00048766
00049006
00049824
00050125
00050336
00050541
00050877
00051129
00051455
00051584
00052083
00052506
00053023
00053355
00053574
00053715
00053990
00054346
00054593
00055005
00055874
00056006
00056401
00056860
00057007
00057324
00057749
00058159
00058658
00058841
00059124
00059340
00059459
00059742
00059986
00060251
00060716
00061300
00061542
00061975
00062369
00062913
00063372
00063766
00064090
00064249
00064441
00064664
00065068
00065388
00065672
00066129
00066701
00066854
00067126
00067307
00067500
00067809
00068219
00068392
00068818
00069120
00069599
00070203
00070727
00071324
00071545
00071677
00072024
00072446
00072952
00073281
00074032
00074510
00074822
00075119
00075873
00076248
00076659
00077518
00077654
00077683
00078130
00078404
00078893
00079265
00079450
00079680
00079916
00080547
00080796
00081012
00081383
00081615
00082003
00082240
00082431
00082888
00083086
00083516
00084105
00084444
00084816
00085055
00086069
00086517
00086782
00087130
00087358
00087610
00087839
00088193
00088827
00089276
00089405
00090177
00090646
00090896
00091118
00091476
00091702
00092322
00092549
00092969
00093442
00093874
00094119
00094381
00094601
00095125
00095223
00095617
00096031
00096335
00096461
00096614
00096831
00097031
00097348
00097757
00098051
00098348
00098878
00099079
00099781
00100241
00100558
00100828
00101389
00101477
00101532
00101666
00101910
00102016
00102123
00102473
00102689
00103181
00103544
00103717
00103968
00104173
00104401
00104673
00105006
00105158
00105240
00105297
00105476
00106032
00106198
00107045
00107350
00107581
00108073
00108493
00108897
00109102
00109469
00109725
00110127
00110395
00110737
00111420
00111758
00112120
00112517
00113116
00113646
00114039
00114456
00114820
00114930
00115232
00115704
00115924
00116137
00116509
00116692
00116956
00117329
00117666
00117862
00118231
00118614
00119176
00119454
00119578
00119750
00119949
00120365
00120695
00121090
00121438
00122009
00122557
00123246
00123618
00123795
00124211
00124570
00125076
00125388
00125906
00126066
00126189
00126363
00126675
00126953
00127254
00127492
00127905
00128277
00128769
00129057
00129417
00130530
00130611
00130781
00131014
00131412
00131781
00132159
00132287
00132507
00132805
00133096
00133449
00133747
00133990
00134434
00134628
00135024
00135197
00135342
00135642
00135911
00136565
00136748
00136932
00137012
00137167
00137306
00137737
00138281
00138800
00138897
00139318
00139578
00139842
00140150
00140758
00141156
00141306
00141415
00141489
00141955
00142410
00142780
00143192
00143810
00144144
00144444
00144771
00145326
00145613
00145949
00146254
00146616
00146983
00147387
00147631
00148006
00150424
00150559
00150743
00150919
00152358
00152548
00152823
00153237
00153703
00154041
00154548
00155063
00155659
00156088
00157055
00157434
00157834
00158418
00158918
00159246
00159646
00160206
00160810
00160998
00161298
00161460
00161632
00161898
00162190
00162577
00162862
00163263
00163581
00163856
00164386
00164560
00165157
00165517
00165831
00166197
00166426
00166713
00167002
00167375
00167780
00168129
00168348
00169052
00169384
00169880
00170282
00170756
00171321
00171656
00172007
00172551
00172872
00173150
00173650
00173924
00174167
00174433
00174581
00174910
00175169
00175468
00175706
00175934
00176286
00176620
00176744
00177080
00177480
00177706
00177990
00178076
00178566
00178965
00179184
00179398
00179724
00179978
00180418
00180825
00181616
00181901
00182294
00182533
00182703
00182891
00183046
00183249
00183588
00183900
00184083
00184400
00184734
00185135
00185417
00185766
00186297
00186803
00187181
00187353
00187573
00188180
00188756
00189199
00189281
00189630
00190255
00190815
00191109
00191318
00191614
00192079
00192524
00192946
00193419
00193688
00194152
00194716
00195036
00195601
00196023
00196403
00196561
00197176
00197487
00197837
00198294
00198748
00198924
00199209
00199697
00199989
00200317
00200489
00200853
00201117
00201607
00202113
00202686
00203061
00203626
00204161
00204533
00205293
00205574
00205834
00206403
00206856
00207279
00207840
00208246
00208392
00208501
00209135
00209393
00210183
00210425
00210733
00210938
00211419
00212088
00212395
00212767
00213326
00213712
00214100
00214310
00214735
00215337
00215647
00215812
00216244
00216351
00216799
00217342
00217580
00217841
00218168
00218356
00218512
00218785
00218914
00219047
00219217
00219709
00219864
00219890
00219915
00220350
00220604
00220854
00220925
00221004
00221084
00221387
00221684
00221911
00221968
00222168
00222408
00222596
00222980
00223167
00223464
00223642
00223803
00223992
00224277
00224598
00224869
00225524
00226154
00226273
00226533
00226924
00227229
00227378
00227561
00227625
00227701
00228057
00228268
00228712
00229292
00229596
00229845
00230260
00230509
00230725
00231033
00231133
00231366
00231553
00231746
00231903
00231933
00232003
00232091
00232445
00232605
00232743
00232780
00232890
00233062
00233528
00234045
00234428
00234598
00234827
00235221
00235772
00236037
00236248
00236535
00236845
00237291
00237550
00237842
00238102
00238290
00238598
00238847
00238996
00239356
00239654
00239993
00240120
00240589
00240960
00241195
00241305
00241592
00241767
00242056
00242546
00242880
00243082
00243275
00243596
00244002
00244323
00244558
00244792
00245381
00245710
00245883
00246027
00246341
00246911
00247027
00247263
00247515
00247928
00248472
00248855
00249204
00249340
00249489
00249743
00250240
00250548
00250889
00251358
00251803
00252014
00252215
00252497
00252829
00253121
00253831
00254455
00254843
00255069
00255595
00255754
00256209
00256573
00256655
00257018
00257590
00257714
00257941
00258463
00258708
00258978
00259255
00259602
00259898
00260225
00260661
00261127
00261300
00261755
00262240
00262432
00262656
00262735
00262905
00263072
00263270
00263548
00263587
00263792
00263958
00263990
00264053
00264349
00264586
00264690
00264715
00264954
00265553
00265802
00266140
00266360
00266478
00266701
00267152
00267532
00267728
00268024
00268156
00268374
00269085
00269518
00270193
00270392
00270683
00270772
00270799
00270823
00270851
00270880
00270945
00271000
00271106
00271143
00271181
00271213
00271325
00271408
00272006
00272122
00272397
00272530
00272570
00272610
00272653
00272761
00272799
00272854
00272901
00273053
00273213
00273464
00273725
00274156
00274443
00274487
00274563
00274870
00275151
00275410
00275444
00275718
00276104
00276190
00276553
00276880
00277271
00277499
00277852
00277905
00278233
00278534
00279059
00279232
00279501
00279699
00279803
00279985
00280098
00280176
00280347
00280427
00280521
00280607
00280923
00281164
00281334
00281731
00281865
00282042
00282167
00282355
00282765
00283455
00283888
00284072
00284203
00284266
00284377
00284645
00284822
00284845
00284906
00285057
00285280
00285558
00285719
00285769
00285866
00286177
00286359
00287099
00287457
00287727
00287985
00288396
00288571
00288913
00289379
00289748
00290028
00290259
00290484
00290691
00290933
00291259
00291686
00292038
00292224
00292625
00292998
00293471
00293823
00294158
00294271
00294683
00295084
00295523
00295899
00296021
00296137
00296538
00296885
00296981
00297270
00297390
00297507
00297907
00298037
00298467
00298818
00298964
00299119
00299426
00299773
00299970
00300200
00300510
00300657
00300964
00301323
00301422
00301564
00301928
00302182
00302358
00302654
00303057
00303472
00303722
00304067
00304330
00304826
00305107
00305420
00305544
00305892
00306144
00306381
00306505
00306548
00306648
00306884
00307093
00307226
00307251
00307278
00307332
00307656
00307691
00307734
00307818
00307871
00308075
00308208
00308292
00308413
00308461
00308578
00308824
00309105
00309269
00309519
00309718
00309990
00310272
00310604
00310895
00311071
00311243
00311463
00312080
00312335
00312577
00312732
00312980
00313109
00313327
00313393
00313476
00313521
00313604
00313874
00314011
00314272
00314756
00314925
00315351
00316055
00316469
00316868
00317171
00317465
00317691
00317810
00318197
00318650
00319072
00319320
00319378
00319468
00319589
00319743
00319813
00320036
00320307
00320622
00320808
00321026
00321080
00321177
00321360
00321465
00321515
00321585
00321881
00322046
00322291
00322517
00322855
00323060
00323259
00323382
00323523
00323669
00324037
00324459
00324865
00325448
00325845
00326165
00326507
00326758
00327345
00327551
00327727
00328020
00328270
00328594
00328923
00329287
00329755
00330250
00330678
00330905
00331113
00331539
00331944
00332176
00332451
00332759
00333148
00333492
00333800
00334215
00334600
00335142
00335303
00335726
00335975
00336334
00336459
00336758
00336881
00337343
00337965
00338199
00338638
00339016
00339460
00339731
00339875
00340175
00340446
00340810
00341315
00341686
00342032
00342517
00342753
00342877
00342944
00342979
00343013
00343225
00343697
00344063
00344481
00344930
00345106
00345233
00345504
00346145
00346536
00347097
00347376
00347625
00348116
00348682
00349034
00349326
00349918
00349979
00350282
00350585
00350975
00351312
00351486
00351675
00351867
00352075
00352173
00352356
00352566
00352701
00353189
00353552
00353603
00353621
00353657
00353691
00353890
00354028
00354574
00354924
00355227
00355736
00356195
00356359
00356480
00356647
00356787
00356953
00357115
00357528
00357971
00358470
00358859
00359107
00359141
00359189
00359427
00359688
00359729
00359838
00359869
00359900
00360099
00360416
00360655
00361026
00361286
00361380
00361537
00361582
00361846
00361974
00362306
00362774
00363234
00363786
00364238
00364494
00365040
00365353
00365583
00366101
00366310
00366464
00366639
00367021
00367081
00367410
00367975
00368235
00368754
00368936
00369086
00369544
00370005
00370697
00371006
00371468
00371571
00371716
00372343
00372875
00373142
00373300
00373502
00373728
00374498
00374958
00375370
00375697
00375790
00375997
00377693
00378348
00378408
00378785
00379181
00379749
00380052
00380500
00380918
00381134
00381714
00382060
00382412
00382453
00382754
00382962
00383902
00384186
00384584
00384683
00385154
00385338
00385532
00385929
00386515
00386694
00386900
00387185
00387360
00387767
00388367
00388843
00389139
00389371
00389492
00389933
00390116
00390385
00390571
00391340
00392180
00392434
00392872
00393353
00393969
00394267
00394750
00395227
00395918
00396074
00396600
00396769
00396928
00397519
00397809
00398399
00398969
00399404
00399690
00400053
00400607
00401355
00401830
00402326
00402820
00402915
00403284
00403872
00404530
00404728
00405182
00405516
00405844
00406184
00406745
00407182
00407637
00408266
00408580
00409385
00409718
00409981
00410178
00410571
00410951
00411153
00411517
00411893
00412308
00412747
00413050
00413670
00414149
00414824
00415421
00415742
00416320
00416670
00417039
00417450
00417823
00418233
00418652
00418787
00418834
00418880
00418970
00419037
00419175
00419306
00419379
00419429
00419701
00419996
00420418
00420891
00421253
00421433
00421651
00421726
00421833
00421916
00421979
00422135
00422193
00422260
00422320
00422363
00422606
00422896
00423388
00423722
00424253
00424439
00424774
00424994
00425155
00425388
00425583
00426197
00426785
00427110
00427397
00427541
00428006
00428184
00428833
00429427
00429803
00430484
00430749
00431103
00431727
00431984
00432259
00432584
00433038
00433558
00433775
00434251
00434520
00434824
00434951
00435105
00435671
00436292
00436653
00436695
00436893
00437151
00437566
00437837
00438096
00438407
00438724
00439002
00439395
00439838
00440268
00440380
00440543
00440742
00441372
00441737
00442219
00442519
00442709
00443070
00443204
00443484
00444019
00444558
00444923
00445163
00445603
00446167
00446617
00446891
00447646
00447803
00447890
00448257
00448537
00448876
00449523
00450121
00450665
00451296
00452008
00452600
00453091
00453762
00454055
00454630
00454792
00455164
00455441
00455582
00456030
00456415
00456560
00456725
00457180
00457578
00457891
00458098
00458813
00459328
00459698
00460061
00460311
00460538
00460905
00461277
00461625
00461804
00461944
00462260
00463087
00463396
00463635
00463889
00464366
00464598
00464931
00465632
00465908
00466216
00466507
00466845
00467264
00467617
00467858
00468471
00468745
00469191
00469575
00469989
00470060
00470396
00470701
00470976
00471140
00471681
00472367
00472626
00472805
00473035
00473266
00473449
00473692
00474049
00474372
00474779
00475054
00475374
00475596
00476152
00476716
00477160
00477460
00477917
00478131
00478248
00478417
00478687
00478959
00479411
00479596
00479814
00480231
00480471
00480829
00481217
00481307
00481670
00482078
00482398
00482618
00483235
00483551
00484062
00484425
00484821
00485245
00485803
00486043
00486278
00486455
00486585
00486664
00486938
00487083
00487207
00487429
00487742
00488180
00488554
00488942
00489122
00489190
00489503
00489679
00489724
00490350
00491170
00491617
00492369
00492603
00492802
00492979
00493156
00493338
00493449
00493713
00493861
00494152
00494343
00494577
00495067
00495362
00495788
00496152
00496336
00496481
00496578
00496726
00497025
00497201
00497642
00498290
00498775
00498988
00499363
00499786
00499877
00500064
00500229
00500331
00500539
00500623
00500761
00500933
00501199
00501687
00502106
00502991
00503396
00503739
00504060
00504459
00505047
00505458
00505794
00506080
00506743
00507023
00507172
00507468
00507676
00507787
00507995
00508233
00508458
00508742
00509004
00509789
00510118
00510478
00510664
00510890
00511027
00511114
00511312
00511615
00511896
00512293
00512506
00512965
00513481
00513897
00514324
00514543
00514723
00514819
00515045
00515400
00515918
00516183
00516442
00516751
00517092
00517264
00517400
00517747
00517905
00518275
00518530
00518824
00518964
00519049
00519136
00519297
00519478
00519608
00519867
00520200
00520340
00520638
00520784
00520956
00521183
00521729
00522005
00522179
00522485
00522775
00523041
00523348
00523769
00523901
00524328
00524742
00525269
00525696
00526043
00526325
00526713
00527159
00527365
00527482
00527568
00527613
00527763
00528213
00528911
00529155
00529430
00529838
00529925
00529968
00530052
00530220
00530276
00530327
00530391
00530457
00530511
00530565
00530616
00530808
00531203
00531378
00531575
00531791
00532125
00532530
00532720
00533066
00533270
00533482
00533891
00534201
00534587
00534827
00535013
00535365
00535566
00535760
00535987
00536372
00536770
00536936
00537030
00537414
00537478
00537553
00537807
00538300
00538543
00538743
00539216
00539492
00539937
00540184
00540328
00540490
00540638
00540765
00540805
00541131
00541610
00541992
00542230
00542733
00542938
00543420
00544313
00544636
00545147
00545668
00545952
00546342
00546664
00547045
00547728
00548236
00548552
00548947
00549246
00549593
00549991
00550806
00551109
00551362
00552096
00552319
00552822
00553278
00553857
00554132
00554441
00554590
00554848
00555349
00555618
00555816
00556205
00556622
00557359
00557542
00557772
00557952
00558261
00558647
00558807
00559194
00559928
00560388
00560634
00560838
00561061
00561240
00561365
00561768
00562013
00562174
00562507
00563442
00563866
00564297
00564597
00565031
00565558
00565931
00566145
00566715
00566917
00567328
00567626
00567807
00568164
00568424
00568584
00568783
00568994
00569101
00569488
00569624
00569864
00570207
00570516
00570902
00571238
00571485
00571586
00571890
00571985
00572229
00572428
00572701
00573028
00573397
00573614
00573911
00574128
00574459
00575055
00575502
00575654
00575835
00576308
00576739
00577050
00577303
00577480
00578121
00578275
00578907
00579195
00579432
00579817
00579952
00580149
00580372
00580696
00581082
00581234
00581365
00581671
00582092
00582344
00582536
00582793
00583099
00583279
00583671
00583902
00584216
00584442
00584993
00585411
00585715
00586307
00586683
00586976
00587455
00587780
00588061
00588330
00588513
00588913
00589010
00589642
00589937
00590085
00590359
00590566
00590843
00591141
00592048
00592291
00592526
00592952
00593150
00593502
00593867
00594122
00594329
00594739
00595103
00595308
00595769
00596007
00596365
00596586
00596751
00596892
00597731
00598187
00598665
00599421
00599774
00600206
00600455
00600703
00600997
00601222
00601377
00601444
00601970
00602200
00602379
00602719
00602881
00603133
00603834
00604041
00604287
00604596
00604937
00605737
00605942
00606128
00606536
00606788
00607161
00607389
00607765
00607918
00608081
00608595
00608757
00609166
00609882
00610471
00610686
00611077
00611295
00611597
00611831
00611892
00611941
00612176
00612750
00613156
00613336
00613453
00613724
00613840
00613904
00613981
00614103
00614442
00614721
00614748
00615007
00615270
00615344
00615962
00616170
00616638
00616982
00617246
00617471
00617593
00617919
00618157
00618577
00618799
00619262
00619414
00619661
00620103
00620275
00620394
00620734
00621074
00621361
00621627
00622162
00622351
00622876
00623530
00623888
00624114
00624352
00624718
00624990
00625238
00625516
00625621
00626089
00626660
00627243
00627669
00628232
00628691
00629170
00629600
00629903
00630323
00630764
00631022
00631503
00632048
00632246
00632628
00633068
00633455
00633844
00634199
00634535
00634777
00634840
00635207
00635565
00635703
00635924
00636420
00636703
00636994
00637239
00637474
00637585
00637768
00638106
00638317
00638688
00638867
00639386
00639866
00640058
00640545
00640701
00640970
00641328
00641830
00642180
00642460
00642786
00643227
00643460
00643667
00644284
00644982
00645456
00645745
00646002
00646394
00646818
00647153
00648099
00648432
00649289
00649621
00650552
00650717
00651204
00651624
00652302
00652686
00652788
00653185
00653656
00654002
00654516
00654853
00655101
00655642
00655792
00656170
00656569
00656906
00657120
00657372
00657605
00657719
00658034
00658326
00659035
00659323
00659712
00660011
00660395
00660757
00661172
00661595
00661733
00662265
00662708
00663015
00663204
00663366
00663816
00664254
00664671
00664805
00664998
00665162
00665628
00665806
00666214
00666727
00667106
00668500
00668854
00669233
00669568
00669977
00670371
00670461
00670793
00671250
00672273
00672537
00672925
00673390
00673799
00674102
00674239
00674465
00674560
00675231
00675501
00675601
00675885
00676073
00676283
00676769
00677059
00677350
00677834
00678227
00678581
00678858
00679098
00679525
00680065
00680464
00680919
00681116
00681551
00681684
00681836
00682010
00682109
00682160
00682233
00682327
00682958
00683298
00683606
00683843
00684088
00684524
00684884
00685270
00685404
00685497
00685598
00685689
00685868
00685898
00685938
00686215
00686684
00686992
00687082
00687863
00688471
00688694
00688880
00689030
00689523
00689654
00690070
00691117
00691454
00691993
00692350
00692645
00693270
00693578
00694001
00694884
00695146
00695319
00695696
00695919
00696225
00696479
00696806
00696940
00697308
00697504
00697972
00698327
00698871
00699227
00699443
00699906
00700034
00700710
00701544
00702138
00702366
00702741
00702820
00702897
00703180
00703492
00703799
00704243
00704543
00704954
00705240
00705329
00705715
00706069
00706791
00707341
00707975
00708036
00708438
00708793
00709254
00709573
00710043
00710587
00710920
00711258
00711577
00712018
00712184
00712591
00712832
00713190
00713587
00714263
00714503
00714583
00714714
00714956
00715234
00715597
00715911
00716111
00716721
00717108
00717489
00717907
00718031
00718245
00718432
00718745
00719074
00719310
00719604
00719799
00720047
00720285
00721041
00721188
00721371
00721639
00721986
00722191
00722600
00722834
00722993
00723334
00723683
00724037
00724248
00724546
00724925
00725533
00725806
00726175
00726446
00727209
00727601
00727834
00727900
00727923
00728137
00728537
00728859
00729407
00729703
00729939
00730399
00730977
00731296
00731647
00731993
00732287
00732448
00732784
00733223
00733770
00734055
00734365
00734963
00735154
00735277
00735479
00735699
00735799
00735878
00736359
00736812
00736980
00737299
00737423
00737741
00738053
00738292
00738343
00738408
00738502
00738643
00738723
00738772
00738813
00738847
00738912
00739074
00739172
00739309
00739527
00739792
00740102
00740545
00740856
00741118
00741382
00741750
00741928
00742170
00742331
00742379
00742489
00742744
00742878
00743014
00743313
00743659
00744013
00744553
00744952
00745177
00745621
00745905
00746217
00746523
00746743
00746938
00747096
00747635
00748282
00748309
00748527
00748925
00749151
00749311
00749550
00749766
00750001
00750309
00750728
00751067
00751629
00752250
00752953
00753442
00754152
00754701
00755135
00755434
00755991
00756260
00756602
00756968
00757372
00757624
00757821
00758098
00758510
00758989
00759322
00759414
00759493
00759753
00760427
00761048
00761233
00761629
00762012
00762219
00762702
00762943
00763288
00763582
00763774
00764217
00764508
00764891
00765064
00765515
00765706
00765934
00766179
00766499
00766882
00767411
00767910
00768274
00768423
00768892
00769531
00769811
00770152
00770517
00770975
00771221
00771861
00772141
00772389
00772636
00772992
00773161
00773534
00773901
00774561
00775138
00775683
00776071
00776853
00777046
00777316
00777622
00778426
00778820
00779134
00779297
00779376
00779415
00779875
00780366
00780592
00780859
00781375
00781623
00782112
00782589
00783220
00783446
00783586
00783818
00784214
00784510
00784809
00784978
00785215
00785580
00785900
00786274
00786679
00787176
00787320
00787473
00787626
00787874
00788127
00788299
00788676
00788959
00789263
00789669
00789850
00790201
00790342
00790609
00790697
00790957
00791101
00791258
00791325
00791550
00791826
00792220
00792692
00792993
00793452
00793716
00794048
00794241
00794566
00794915
00795149
00795455
00795923
00796392
00796833
00797000
00797447
00797730
00797898
00798508
00798928
00799260
00799763
00800292
00800486
00800816
00801007
00801214
00801382
00801901
00802408
00802748
00803325
00803459
00803666
00804209
00804620
00805268
00805689
00806602
00806882
00807163
00807468
00807891
00808052
00808346
00808616
00808910
00809514
00809801
00810395
00810819
00811123
00811354
00811613
00811874
00812386
00812756
00813503
00814078
00814304
00814467
00814752
00815204
00815797
00816182
00816619
00816826
00817301
00817585
00818350
00818718
00819318
00819805
00820478
00820883
00821449
00821628
00822047
00822655
00823151
00823788
00823976
00824242
00824592
00824972
00825242
00825613
00825921
00826203
00826373
00826901
00827394
00827754
00828147
00828623
00829131
00829534
00830565
00831236
00831596
00831784
00832469
00832731
00833592
00834122
00834615
00834953
00835779
00836485
00836878
00837199
00837482
00837844
00838185
00838680
00839106
00839694
00840101
00840755
00841001
00841397
00841852
00842511
00843499
00844143
00844795
00845088
00845433
00845935
00846543
00846839
00847304
00847497
00848016
00848343
00848726
00849731
00850119
00850618
00850998
00851267
00851489
00851681
00852070
00852452
00852728
00852987
00853342
00853803
00854247
00854452
00855341
00855638
00856189
00856488
00857024
00857654
00858401
00859240
00859480
00860028
00860380
00860639
00860943
00861531
00861854
00862047
00862513
00862870
00863382
00863797
00864170
00864526
00864755
00865053
00865615
00866202
00866466
00866619
00867017
00867588
00868127
00868399
00868752
00869138
00869626
00870366
00870905
00871664
00872344
00872764
00873130
00873364
00873841
00874424
00874620
00874966
00875283
00876162
00876686
00877057
00877302
00877617
00877873
00878236
00878499
00878956
00879452
00879843
00880211
00880604
00880863
00881155
00881517
00881869
00882333
00882819
00883169
00883667
00884178
00884650
00884981
00885827
00886142
00886420
00887014
00887872
00888581
00889094
00889748
00890119
00890484
00891073
00891371
00891831
00892169
00892819
00893138
00893462
00893639
00893933
00894174
00894675
00895016
00895470
00896013
00896379
00896623
00896801
00897092
00897412
00897753
00898117
00898588
00899099
00899392
00900030
00900346
00900700
00900905
00901311
00901736
00902117
00902603
00903202
00903695
00904067
00904536
00904792
00905200
00905786
00905984
00906479
00906783
00907014
00907405
00907802
00908379
00909016
00909569
00909997
00910228
00910615
00910901
00911544
00912073
00912838
00913166
00913483
00913955
00914541
00915255
00915717
00916904
00917344
00917768
00918432
00918729
00918953
00919462
00920165
00920512
00920772
00921255
00921625
00921929
00922269
00922833
00923370
00923687
00923994
00924767
00925025
00925324
00925952
00926367
00926697
00927011
00927552
00927909
00928341
00928827
00929657
00929904
00930515
00930881
00931186
00931982
00932492
00933127
00933540
00934273
00934662
00934892
00935003
00936274
00936685
00936957
00937276
00937789
00938469
00938984
00939482
00939907
00940421
00941076
00941479
00942106
00942410
00942812
00943094
00943718
00944322
00944710
00944934
00945088
00945567
00945906
00946327
00946591
00947200
00947887
00948228
00948639
00949068
00949709
00950013
00950652
00951105
00951514
00951759
00951960
00952300
00952788
00953288
00953612
00953977
00954766
00955379
00955781
00956164
00956785
00957383
00957650
00958333
00959020
00959571
00959947
00960387
00961045
00961605
00962274
00962905
00963276
00963546
00964187
00964567
00965094
00965581
00965740
00966254
00966780
00967102
00967634
00968105
00968629
00969074
00969497
00970197
00970725
00971076
00971603
00972598
00973055
00973404
00974166
00974556
00974972
00975454
00976068
00976520
00976785
00977267
00977908
00978290
00979146
00979768
00980339
00980799
00981505
00981948
00982846
00983208
00983750
00984226
00984464
00984883
00985242
00985638
00986095
00986314
00986766
00987421
00987783
00988222
00988849
00989859
00990890
00990958
00991016
00991808
00992539
00993171
00993421
00993823
00994151
00994946
00995377
00995707
00996536
00996885
00997546
00997852
00998777
00999374
00006067
00015736
00021029
00024146
00026849
00031208
00036532
00041989
00048093
00051808
00056174
00060173
00063324
00069116
00075289
00079585
00084472
00090227
00096453
00098052
00102032
00105580
00111309
00115166
00119837
00123452
00129970
00133795
00136941
00137950
00141709
00149859
00156029
00163094
00169620
00175690
00178545
00184378
00189807
00195789
00200505
00210332
00218364
00221026
00225099
00230180
00231900
00236749
00241201
00243277
00246767
00249429
00256587
00261221
00263552
00266363
00270824
00271221
00272774
00274558
00277504
00280484
00283269
00285325
00287202
00290393
00293265
00297890
00300810
00304393
00307247
00307931
00309745
00313507
00317839
00320027
00322098
00325385
00329230
00332171
00336687
00342981
00345660
00350306
00352642
00355441
00356654
00360743
00362210
00365246
00369160
00375351
00381055
00384126
00387672
00391930
00397412
00403275
00409015
00411952
00418872
00419298
00421718
00422374
00425561
00432891
00438178
00443147
00448799
00456292
00459584
00461403
00464419
00468451
00471184
00476336
00479812
00486317
00489150
00493632
00496628
00499311
00503680
00507612
00512842
00517555
00519604
00527513
00530011
00531241
00534212
00538309
00541147
00548119
00554374
00558179
00562291
00566419
00570190
00576066
00581715
00585946
00589110
00593860
00597427
00601396
00606279
00611808
00614607
00617784
00623957
00627548
00632205
00635223
00639431
00643712
00652146
00655897
00662710
00668511
00673302
00679693
00682145
00685467
00685884
00689358
00696181
00702230
00705839
00710157
00717604
00720105
00723332
00727924
00733985
00737819
00739346
00742773
00748027
00749819
00756444
00761200
00765739
00770788
00776070
00779870
00783736
00787322
00789545
00792707
00796205
00804156
00810148
00816523
00823772
00830401
00842522
00850542
00860187
00866610
00872720
00877277
00884029
00891149
00897264
00906369
00911927
00918118
00922185
00929296
00936565
00942049
00949777
00957418
00962482
00972718
00980997
00987098
00992908
00997300
