00007186
00014960
00019335
00024399
00033093
00037994
00043885
00048658
00058541
00066692
00071931
00080891
00088279
00095759
00106052
00113091
00123603
00131013
00137527
00144677
00152464
00160787
00165264
00176495
00184075
00192061
00200260
00206160
00212275
00218887
00222307
00228229
00232897
00235955
00239945
00243852
00251807
00260361
00267657
00271117
00273246
00278283
00282154
00285385
00292992
00296928
00301568
00306373
00308263
00313402
00317533
00321198
00324482
00330209
00335970
00343366
00351406
00356644
00359148
00363974
00369178
00375328
00384131
00391239
00404317
00413192
00419816
00422364
00428008
00438737
00446595
00457738
00463031
00469532
00475715
00479545
00486618
00492810
00495388
00500836
00505953
00510611
00517338
00520669
00527536
00530411
00536205
00540684
00545772
00552134
00560503
00568111
00573467
00580046
00593559
00603006
00607367
00613112
00619236
00627745
00634251
00639885
00648086
00656351
00661391
00670479
00681869
00685581
00693453
00698893
00703073
00708740
00714501
00722756
00732461
00738816
00741878
00746505
00750403
00761396
00768461
00777261
00782384
00787608
00791781
00798773
00806948
00814792
00821604
00829167
00836263
00843396
00852119
00860878
00867068
00875306
00881087
00891411
00897262
00907926
00917482
00925104
00934357
00941213
00951500
00957517
00966330
00973543
00978724
00985118
00992460
00000346
00000960
00001403
00001877
00002316
00002840
00003337
00003847
00004296
00004700
00005143
00005497
00005904
00006471
00006817
00007191
00007652
00008132
00008572
00009103
00009554
00009958
00010402
00010625
00011048
00011621
00012223
00012735
00013307
00014015
00014496
00014925
00015257
00015536
00015705
00015987
00016425
00016783
00017010
00017077
00017098
00017138
00017171
00017293
00017339
00017407
00017556
00018211
00019678
00019901
00020379
00020800
00020987
00021068
00021305
00021630
00021896
00021967
00022078
00022162
00022305
00022559
00022664
00022831
00022885
00023774
00024326
00024695
00025001
00025263
00025577
00025920
00026147
00026531
00026643
00026769
00026814
00026909
00027056
00027420
00027729
00028163
00028813
00029128
00029536
00029715
00029933
00030350
00030656
00030969
00031142
00031301
00031697
00032151
00032609
00032967
00033209
00033607
00033821
00034226
00034362
00034730
00035094
00035188
00035296
00035459
00035746
00036184
00036312
00036457
00036827
00037114
00037381
00037911
00038386
00038796
00039252
00039431
00039731
00039810
00040139
00040738
00041148
00041678
00041990
00042247
00042514
00042927
00043413
00043819
00044318
00044635
00045060
00045333
00045872
00046110
00046964
00047198
00047486
00047761
00048023
00048634
00048940
00049383
00049957
00050305
00050499
00050706
00051096
00051248
00051480
00051956
00052377
00052984
00053231
00053423
00053622
00053937
00054257
00054467
00054827
00055565
00055969
00056348
00056646
00056981
00057125
00057519
00058143
00058231
00058770
00059013
00059315
00059386
00059573
00059881
00060171
00060432
00061216
00061469
00061887
00062256
00062773
00063264
00063605
00063939
00064225
00064368
00064497
00065016
00065260
00065528
00065982
00066454
00066813
00067114
00067233
00067404
00067666
00068085
00068375
00068493
00069004
00069516
00069903
00070577
00070997
00071516
00071650
00071891
00072342
00072839
00073170
00073527
00074291
00074708
00074959
00075741
00076161
00076468
00077243
00077609
00077674
00077860
00078389
00078570
00079163
00079393
00079591
00079756
00080444
00080748
00080957
00081324
00081543
00081909
00082191
00082323
00082700
00083010
00083311
00083788
00084350
00084781
00084953
00085382
00086411
00086699
00086935
00087221
00087603
00087705
00088095
00088480
00089106
00089298
00089689
00090510
00090858
00091051
00091382
00091684
00091975
00092520
00092602
00093269
00093805
00094106
00094260
00094562
00095030
00095151
00095468
00095758
00096230
00096429
00096572
00096748
00097015
00097338
00097602
00097984
00098212
00098749
00098995
00099213
00099911
00100422
00100669
00101309
00101422
00101517
00101603
00101717
00101954
00102082
00102178
00102632
00103125
00103301
00103626
00103933
00104089
00104287
00104625
00104988
00105084
00105212
00105269
00105379
00105849
00106159
00106814
00107211
00107528
00107833
00108396
00108579
00109005
00109368
00109675
00109887
00110374
00110602
00111227
00111679
00112017
00112234
00112979
00113439
00113966
00114391
00114637
00114889
00115133
00115407
00115778
00115994
00116317
00116662
00116843
00117214
00117406
00117714
00118082
00118462
00119081
00119389
00119544
00119636
00119889
00120273
00120613
00120906
00121334
00121889
00122431
00123013
00123468
00123722
00123908
00124440
00124893
00125236
00125748
00126020
00126112
00126317
00126481
00126826
00127156
00127352
00127789
00128151
00128761
00128955
00129275
00130514
00130579
00130717
00130876
00131279
00131631
00132042
00132254
00132477
00132579
00132936
00133327
00133664
00133912
00134339
00134565
00134813
00135154
00135282
00135526
00135768
00136447
00136617
00136913
00136965
00137066
00137259
00137695
00138021
00138725
00138883
00139109
00139440
00139793
00140094
00140512
00140996
00141235
00141406
00141448
00141718
00142297
00142636
00142979
00143627
00144086
00144308
00144649
00145179
00145499
00145755
00146205
00146498
00146948
00147281
00147504
00147894
00149698
00150521
00150673
00150886
00152222
00152486
00152728
00153032
00153661
00153912
00154373
00154790
00155456
00155837
00156919
00157185
00157754
00158255
00158734
00159118
00159455
00159980
00160702
00160896
00161264
00161421
00161600
00161826
00162021
00162428
00162685
00163101
00163529
00163844
00164243
00164423
00164924
00165364
00165767
00166060
00166361
00166616
00166943
00167193
00167530
00167999
00168332
00168860
00169297
00169725
00170145
00170529
00171110
00171488
00171867
00172353
00172692
00173004
00173423
00173822
00174059
00174411
00174545
00174856
00174991
00175416
00175577
00175905
00176119
00176570
00176712
00176976
00177385
00177624
00177955
00178059
00178481
00178798
00179122
00179241
00179621
00179878
00180165
00180778
00181061
00181855
00182219
00182390
00182611
00182813
00182985
00183155
00183403
00183798
00184074
00184318
00184611
00184978
00185347
00185646
00186181
00186714
00187039
00187301
00187439
00188103
00188645
00189096
00189223
00189497
00189901
00190627
00191036
00191190
00191443
00191845
00192317
00192803
00193313
00193673
00194035
00194483
00194929
00195532
00195782
00196217
00196511
00196988
00197426
00197662
00198149
00198487
00198873
00199098
00199545
00199909
00200213
00200434
00200689
00201034
00201500
00201777
00202563
00202978
00203360
00204080
00204373
00204995
00205560
00205756
00206046
00206752
00207054
00207570
00208115
00208337
00208464
00209094
00209289
00209705
00210297
00210664
00210900
00211335
00211761
00212267
00212654
00213250
00213524
00213960
00214286
00214465
00215147
00215549
00215744
00216011
00216284
00216551
00217097
00217535
00217709
00217988
00218345
00218408
00218773
00218888
00218995
00219170
00219577
00219749
00219880
00219904
00220215
00220535
00220772
00220895
00220985
00221051
00221313
00221518
00221874
00221956
00222029
00222318
00222507
00222752
00223049
00223350
00223606
00223689
00223949
00224169
00224423
00224751
00225276
00225678
00226234
00226348
00226691
00227198
00227335
00227548
00227607
00227682
00227927
00228227
00228562
00229212
00229456
00229716
00230086
00230459
00230599
00230924
00231093
00231348
00231529
00231673
00231883
00231922
00231963
00232044
00232354
00232550
00232697
00232771
00232881
00232954
00233252
00233976
00234240
00234567
00234761
00235040
00235538
00236001
00236131
00236435
00236738
00237234
00237334
00237720
00238005
00238272
00238443
00238704
00238928
00239160
00239513
00239784
00240054
00240456
00240672
00241106
00241264
00241538
00241673
00241963
00242359
00242677
00243015
00243159
00243439
00243937
00244187
00244518
00244707
00245207
00245484
00245800
00246010
00246287
00246690
00247020
00247075
00247363
00247915
00248345
00248705
00249144
00249286
00249455
00249614
00249869
00250439
00250787
00251288
00251591
00251942
00252137
00252413
00252689
00252951
00253810
00254241
00254586
00254907
00255559
00255703
00256108
00256363
00256612
00256775
00257475
00257655
00257779
00258398
00258640
00258885
00259153
00259480
00259778
00260101
00260320
00260995
00261291
00261569
00262153
00262413
00262489
00262679
00262863
00263026
00263120
00263492
00263576
00263611
00263942
00263975
00264030
00264314
00264492
00264667
00264705
00264895
00265243
00265667
00266078
00266322
00266374
00266579
00267019
00267374
00267706
00267930
00268095
00268294
00268606
00269443
00269997
00270305
00270596
00270761
00270790
00270815
00270842
00270870
00270903
00270978
00271094
00271123
00271170
00271202
00271311
00271378
00271581
00272070
00272332
00272498
00272558
00272597
00272633
00272731
00272780
00272838
00272891
00272942
00273182
00273318
00273673
00273913
00274401
00274475
00274519
00274691
00275027
00275311
00275426
00275607
00276077
00276148
00276355
00276751
00277222
00277450
00277588
00277874
00278103
00278420
00278911
00279146
00279440
00279645
00279796
00279942
00280082
00280151
00280262
00280389
00280489
00280552
00280770
00281028
00281302
00281510
00281839
00281984
00282150
00282291
00282652
00283114
00283723
00283999
00284172
00284242
00284341
00284554
00284815
00284839
00284863
00284938
00285210
00285387
00285665
00285752
00285801
00286058
00286315
00286422
00287218
00287598
00287917
00288326
00288546
00288828
00289122
00289551
00289935
00290219
00290415
00290602
00290810
00291139
00291528
00291856
00292209
00292466
00292913
00293438
00293761
00294041
00294224
00294439
00294886
00295337
00295737
00295986
00296126
00296376
00296787
00296932
00297242
00297333
00297451
00297886
00297992
00298165
00298616
00298924
00299054
00299321
00299691
00299936
00299997
00300476
00300622
00300826
00301161
00301394
00301517
00301872
00302103
00302262
00302531
00302912
00303255
00303578
00303882
00304252
00304722
00305034
00305310
00305474
00305764
00306071
00306295
00306486
00306534
00306586
00306778
00307019
00307164
00307241
00307266
00307324
00307464
00307683
00307718
00307781
00307836
00307927
00308174
00308264
00308327
00308443
00308547
00308762
00309057
00309209
00309417
00309623
00309903
00310185
00310573
00310847
00311008
00311160
00311422
00311672
00312240
00312428
00312723
00312896
00313031
00313254
00313361
00313430
00313505
00313579
00313652
00313985
00314129
00314577
00314791
00315289
00315858
00316387
00316727
00317152
00317348
00317631
00317765
00318072
00318603
00318864
00319257
00319353
00319444
00319564
00319703
00319775
00319961
00320212
00320490
00320796
00320925
00321062
00321165
00321303
00321416
00321504
00321564
00321856
00322023
00322166
00322365
00322819
00323020
00323192
00323331
00323498
00323570
00323926
00324230
00324744
00325256
00325725
00325975
00326399
00326712
00327209
00327520
00327688
00327905
00328166
00328476
00328739
00329276
00329425
00330072
00330448
00330838
00331001
00331250
00331737
00332167
00332405
00332549
00333033
00333477
00333653
00334059
00334462
00334936
00335264
00335532
00335946
00336026
00336423
00336605
00336830
00337196
00337656
00338096
00338448
00338861
00339297
00339669
00339830
00340165
00340303
00340676
00341226
00341567
00341917
00342295
00342694
00342838
00342937
00342970
00343003
00343078
00343362
00344011
00344330
00344780
00345027
00345198
00345402
00345989
00346386
00346806
00347270
00347539
00347995
00348599
00348910
00349142
00349841
00349960
00350192
00350520
00350820
00351230
00351410
00351576
00351858
00351947
00352155
00352215
00352461
00352640
00352945
00353448
00353596
00353614
00353642
00353679
00353732
00353955
00354387
00354845
00355157
00355521
00356121
00356332
00356429
00356582
00356674
00356922
00357021
00357388
00357599
00358299
00358620
00359097
00359124
00359176
00359417
00359475
00359698
00359825
00359857
00359889
00359968
00360342
00360596
00360790
00361210
00361360
00361422
00361553
00361733
00361899
00362238
00362525
00363076
00363415
00364208
00364446
00364760
00365225
00365498
00365668
00366234
00366343
00366520
00366900
00367063
00367383
00367893
00368140
00368643
00368790
00369026
00369321
00369891
00370479
00370952
00371410
00371552
00371624
00372059
00372789
00373058
00373194
00373400
00373689
00374286
00374789
00375337
00375611
00375773
00375939
00377535
00378166
00378386
00378475
00378972
00379390
00379848
00380099
00380617
00381070
00381630
00381958
00382274
00382436
00382706
00382841
00383765
00384128
00384532
00384646
00385115
00385275
00385440
00385711
00386280
00386582
00386841
00387072
00387301
00387648
00388213
00388734
00388963
00389348
00389395
00389723
00390076
00390280
00390554
00391222
00391778
00392386
00392653
00393150
00393764
00394172
00394561
00395033
00395360
00396061
00396510
00396703
00396826
00397325
00397724
00398155
00398833
00399189
00399642
00399804
00400468
00401134
00401610
00402051
00402718
00402845
00403152
00403547
00404205
00404579
00404948
00405390
00405712
00406018
00406669
00406959
00407403
00408033
00408510
00409009
00409623
00409942
00410100
00410473
00410802
00411079
00411410
00411801
00412191
00412564
00412994
00413560
00414049
00414409
00415051
00415619
00416113
00416474
00416877
00417186
00417643
00418061
00418472
00418752
00418816
00418861
00418920
00419016
00419113
00419272
00419361
00419412
00419627
00419858
00420251
00420711
00421119
00421334
00421592
00421708
00421797
00421889
00421944
00422072
00422179
00422222
00422303
00422347
00422520
00422817
00423118
00423710
00424104
00424367
00424515
00424943
00425094
00425280
00425501
00426048
00426764
00426941
00427208
00427476
00427862
00428050
00428745
00429036
00429621
00430421
00430712
00430949
00431645
00431964
00432164
00432393
00432913
00433294
00433762
00434120
00434431
00434596
00434931
00435068
00435626
00435894
00436556
00436685
00436803
00437013
00437361
00437747
00437957
00438237
00438633
00438886
00439312
00439704
00440075
00440358
00440490
00440687
00440957
00441548
00442128
00442466
00442659
00442875
00443187
00443404
00443658
00444430
00444668
00445033
00445441
00445925
00446566
00446690
00447506
00447742
00447850
00448094
00448424
00448739
00449097
00450047
00450625
00451169
00451778
00452449
00452936
00453337
00453982
00454507
00454691
00454954
00455402
00455558
00455818
00456289
00456506
00456602
00456956
00457558
00457634
00457943
00458570
00459237
00459440
00459944
00460145
00460390
00460808
00461132
00461584
00461747
00461862
00462186
00462757
00463301
00463555
00463811
00464164
00464461
00464849
00465291
00465815
00466151
00466382
00466706
00467023
00467426
00467841
00468259
00468705
00468998
00469520
00469767
00470054
00470232
00470581
00470898
00471066
00471469
00472251
00472601
00472677
00472997
00473150
00473396
00473626
00473935
00474297
00474667
00474916
00475294
00475511
00475780
00476572
00477110
00477260
00477804
00478093
00478222
00478319
00478636
00478781
00479331
00479454
00479737
00480079
00480366
00480765
00481131
00481281
00481576
00481997
00482257
00482550
00482898
00483321
00483904
00484260
00484619
00485121
00485728
00486026
00486227
00486342
00486552
00486642
00486763
00486992
00487153
00487408
00487645
00488116
00488416
00488861
00489002
00489180
00489353
00489610
00489711
00490011
00490637
00491540
00492121
00492536
00492733
00492941
00493091
00493311
00493425
00493673
00493838
00494073
00494254
00494480
00494792
00495203
00495607
00495894
00496295
00496464
00496510
00496650
00496981
00497110
00497465
00498101
00498561
00498939
00499235
00499544
00499865
00500003
00500129
00500297
00500409
00500596
00500661
00500845
00501131
00501622
00501943
00502861
00503247
00503675
00503929
00504268
00504918
00505138
00505703
00505937
00506595
00506938
00507132
00507414
00507611
00507743
00507942
00508080
00508388
00508602
00508927
00509575
00510013
00510384
00510648
00510818
00510948
00511095
00511190
00511531
00511821
00512037
00512492
00512904
00513295
00513829
00514065
00514483
00514698
00514768
00514959
00515330
00515683
00516113
00516256
00516638
00516972
00517204
00517330
00517472
00517854
00518121
00518431
00518790
00518909
00519021
00519106
00519285
00519418
00519566
00519654
00520087
00520271
00520506
00520732
00520922
00521082
00521538
00521904
00522069
00522405
00522681
00522951
00523160
00523594
00523835
00524123
00524694
00524996
00525533
00525883
00526129
00526555
00527111
00527287
00527443
00527533
00527598
00527665
00528135
00528647
00529043
00529375
00529599
00529890
00529948
00530025
00530193
00530243
00530316
00530378
00530425
00530484
00530540
00530592
00530676
00531084
00531255
00531453
00531755
00531896
00532341
00532688
00532979
00533245
00533409
00533621
00534035
00534489
00534658
00534899
00535298
00535453
00535749
00535806
00536269
00536672
00536825
00536989
00537221
00537458
00537529
00537694
00538223
00538469
00538654
00539074
00539442
00539874
00540032
00540312
00540415
00540559
00540747
00540787
00540836
00541475
00541814
00542113
00542527
00542806
00543242
00543976
00544578
00545053
00545478
00545847
00546199
00546570
00546992
00547414
00548039
00548373
00548821
00549053
00549565
00549736
00550781
00550935
00551346
00551807
00552253
00552681
00553182
00553600
00554007
00554270
00554578
00554744
00554967
00555520
00555761
00556076
00556501
00556755
00557511
00557752
00557877
00558097
00558445
00558697
00559025
00559389
00560307
00560582
00560717
00560952
00561171
00561325
00561522
00561827
00562122
00562287
00562749
00563757
00564150
00564340
00564871
00565390
00565804
00566126
00566547
00566763
00567269
00567588
00567731
00568095
00568334
00568505
00568699
00568949
00569051
00569359
00569602
00569705
00570086
00570471
00570763
00571216
00571395
00571566
00571722
00571938
00572207
00572349
00572632
00572807
00573345
00573464
00573791
00574010
00574357
00574847
00575455
00575620
00575811
00576148
00576564
00576825
00577210
00577458
00577927
00578264
00578806
00579001
00579272
00579674
00579930
00580041
00580286
00580531
00580877
00581221
00581337
00581559
00581743
00582212
00582466
00582714
00582864
00583182
00583517
00583786
00584122
00584340
00584909
00585249
00585659
00586254
00586557
00586810
00587278
00587693
00587985
00588306
00588444
00588661
00588966
00589483
00589873
00590059
00590267
00590481
00590703
00591035
00591865
00592222
00592433
00592731
00593098
00593255
00593797
00594062
00594191
00594486
00594995
00595168
00595492
00595904
00596223
00596550
00596738
00596822
00597162
00597998
00598588
00599238
00599644
00599854
00600271
00600560
00600945
00601136
00601279
00601409
00601939
00602111
00602270
00602621
00602806
00603011
00603467
00603978
00604235
00604539
00604869
00605440
00605885
00606047
00606514
00606687
00607115
00607303
00607671
00607829
00608028
00608428
00608664
00608881
00609533
00610304
00610606
00610790
00611222
00611524
00611783
00611871
00611926
00612141
00612458
00612927
00613279
00613384
00613596
00613829
00613881
00613949
00614076
00614297
00614660
00614737
00614930
00615170
00615312
00615861
00616089
00616362
00616948
00617156
00617354
00617543
00617809
00618147
00618489
00618714
00618938
00619383
00619583
00619774
00620186
00620308
00620610
00620922
00621290
00621529
00621940
00622311
00622663
00623308
00623728
00624070
00624270
00624688
00624852
00625132
00625305
00625555
00625904
00626440
00627075
00627571
00627908
00628620
00629065
00629439
00629842
00630127
00630650
00630923
00631298
00632027
00632197
00632426
00632896
00633373
00633730
00634141
00634494
00634713
00634802
00634992
00635400
00635609
00635820
00636100
00636679
00636874
00637147
00637450
00637535
00637684
00638000
00638265
00638514
00638741
00639141
00639629
00640016
00640409
00640586
00640835
00641223
00641685
00642001
00642364
00642718
00643124
00643415
00643530
00643945
00644660
00645156
00645660
00645878
00646271
00646550
00647014
00647913
00648387
00649053
00649503
00649995
00650623
00651088
00651569
00651813
00652631
00652764
00653050
00653363
00653954
00654154
00654724
00655067
00655331
00655743
00655925
00656329
00656774
00657048
00657256
00657555
00657669
00657804
00658255
00658672
00659175
00659631
00659827
00660287
00660618
00661095
00661445
00661646
00661906
00662635
00662885
00663159
00663258
00663640
00664159
00664522
00664786
00664961
00665051
00665324
00665666
00666077
00666600
00666861
00668398
00668778
00668932
00669462
00669824
00670268
00670441
00670762
00671183
00672007
00672424
00672804
00673303
00673667
00673969
00674214
00674391
00674523
00674764
00675470
00675543
00675846
00676037
00676186
00676641
00676938
00677276
00677662
00678157
00678521
00678768
00679014
00679285
00679858
00680291
00680695
00681052
00681493
00681597
00681809
00681945
00682063
00682131
00682196
00682253
00682615
00683213
00683522
00683688
00684016
00684381
00684754
00685212
00685346
00685450
00685572
00685665
00685839
00685889
00685915
00686032
00686555
00686793
00687066
00687780
00688120
00688645
00688792
00688958
00689308
00689618
00689870
00690594
00691264
00691905
00692052
00692524
00693080
00693519
00693927
00694262
00695069
00695201
00695466
00695737
00696143
00696423
00696620
00696921
00697184
00697484
00697797
00698059
00698580
00699003
00699359
00699815
00700002
00700617
00701216
00702068
00702219
00702575
00702786
00702881
00703047
00703309
00703757
00704087
00704464
00704800
00705106
00705289
00705529
00705883
00706580
00707006
00707676
00708001
00708245
00708629
00709004
00709485
00709867
00710469
00710732
00711150
00711390
00711877
00712112
00712426
00712711
00713108
00713424
00713798
00714428
00714533
00714653
00714907
00715180
00715528
00715788
00716068
00716657
00716992
00717409
00717767
00717980
00718156
00718373
00718600
00718913
00719274
00719403
00719758
00719988
00720147
00720828
00721142
00721252
00721583
00721746
00722157
00722365
00722772
00722919
00723246
00723481
00723978
00724217
00724407
00724809
00725473
00725738
00726146
00726322
00727052
00727484
00727748
00727860
00727917
00728055
00728298
00728733
00729167
00729624
00729864
00730148
00730750
00731158
00731533
00731793
00732223
00732412
00732698
00732960
00733457
00734017
00734262
00734516
00735137
00735232
00735415
00735652
00735759
00735841
00736106
00736567
00736892
00737231
00737378
00737555
00737999
00738257
00738334
00738370
00738460
00738607
00738704
00738759
00738793
00738839
00738872
00739051
00739138
00739274
00739465
00739754
00740011
00740308
00740700
00740940
00741364
00741606
00741900
00742158
00742252
00742365
00742424
00742682
00742761
00742995
00743160
00743483
00743969
00744295
00744884
00745130
00745599
00745728
00746130
00746486
00746607
00746875
00747000
00747413
00748270
00748300
00748440
00748829
00749135
00749248
00749501
00749716
00749806
00750239
00750616
00750993
00751444
00751943
00752801
00753177
00753994
00754504
00754983
00755316
00755751
00756235
00756501
00756797
00757212
00757532
00757776
00757916
00758251
00758724
00759293
00759386
00759466
00759539
00760025
00760632
00761169
00761603
00761929
00762131
00762400
00762842
00763210
00763453
00763674
00764020
00764376
00764656
00765003
00765271
00765622
00765889
00766102
00766322
00766727
00767268
00767656
00767990
00768374
00768682
00769357
00769690
00769966
00770354
00770813
00771142
00771649
00772095
00772357
00772582
00772914
00773060
00773423
00773716
00774260
00774902
00775609
00775916
00776836
00776915
00777257
00777559
00778284
00778758
00779058
00779266
00779333
00779407
00779767
00780105
00780525
00780734
00781090
00781504
00781869
00782355
00783036
00783317
00783537
00783740
00783955
00784395
00784792
00784870
00785108
00785514
00785824
00786130
00786506
00787111
00787269
00787419
00787610
00787756
00788026
00788274
00788570
00788900
00789141
00789499
00789779
00790075
00790303
00790429
00790659
00790793
00791067
00791193
00791303
00791423
00791780
00792077
00792490
00792857
00793250
00793588
00793792
00794179
00794375
00794704
00795113
00795330
00795757
00796227
00796732
00796910
00797426
00797524
00797869
00798485
00798702
00799142
00799470
00800012
00800396
00800662
00800980
00801154
00801322
00801770
00802307
00802561
00803145
00803393
00803532
00804067
00804471
00805088
00805462
00806360
00806800
00806947
00807358
00807685
00807972
00808291
00808549
00808837
00809217
00809699
00810142
00810678
00810999
00811281
00811509
00811776
00812318
00812594
00813026
00813959
00814225
00814429
00814693
00814892
00815405
00816009
00816519
00816767
00817073
00817507
00818186
00818598
00819166
00819754
00820266
00820672
00821325
00821603
00821870
00822475
00822978
00823762
00823882
00824076
00824397
00824860
00825100
00825535
00825896
00826060
00826299
00826556
00827233
00827558
00828038
00828494
00828904
00829521
00830297
00830977
00831430
00831760
00832188
00832571
00833043
00834022
00834379
00834870
00835379
00836151
00836781
00837018
00837352
00837622
00838054
00838422
00838926
00839619
00840039
00840553
00840939
00841197
00841513
00841980
00843300
00843845
00844640
00844975
00845220
00845703
00846409
00846738
00847102
00847398
00847687
00848241
00848568
00849316
00850039
00850397
00850921
00851144
00851395
00851615
00851920
00852175
00852628
00852924
00853167
00853530
00854145
00854367
00855146
00855536
00855860
00856424
00856848
00857393
00857846
00859150
00859351
00859657
00860247
00860583
00860739
00861468
00861819
00862015
00862179
00862747
00863197
00863629
00863986
00864371
00864621
00864907
00865554
00866006
00866420
00866515
00866940
00867376
00867753
00868321
00868580
00868906
00869474
00870047
00870887
00871184
00872184
00872730
00873014
00873290
00873653
00874353
00874566
00874852
00875183
00875594
00876557
00876853
00877258
00877409
00877766
00878189
00878403
00878837
00879296
00879751
00879943
00880434
00880766
00881120
00881369
00881789
00882256
00882709
00883006
00883476
00884022
00884561
00884854
00885312
00886056
00886349
00886723
00887520
00888244
00888906
00889651
00889958
00890471
00890670
00891174
00891549
00892013
00892701
00892938
00893371
00893549
00893697
00894089
00894564
00895003
00895142
00895793
00896119
00896582
00896700
00897011
00897286
00897547
00898065
00898349
00898832
00899356
00899863
00900312
00900609
00900840
00901149
00901507
00901987
00902549
00903000
00903475
00903925
00904181
00904684
00905028
00905370
00905899
00906432
00906617
00906934
00907256
00907671
00908212
00908718
00909234
00909789
00910072
00910388
00910819
00911344
00911930
00912435
00913004
00913302
00913808
00914169
00915073
00915611
00916358
00917189
00917633
00918281
00918700
00918803
00919328
00920091
00920318
00920707
00921021
00921368
00921886
00922183
00922624
00923171
00923574
00923896
00924441
00924906
00925202
00925580
00926126
00926582
00926926
00927446
00927716
00928087
00928665
00929222
00929795
00930325
00930781
00931056
00931884
00932407
00932803
00933511
00933954
00934367
00934773
00934925
00935163
00936448
00936815
00937161
00937418
00938286
00938709
00939276
00939682
00940140
00940902
00941301
00941884
00942263
00942685
00943052
00943520
00944087
00944597
00944861
00945010
00945404
00945815
00946192
00946519
00946916
00947613
00948167
00948393
00948910
00949441
00949734
00950438
00950833
00951506
00951584
00951922
00952118
00952705
00953117
00953390
00953851
00954550
00955169
00955580
00956106
00956247
00957140
00957606
00958043
00958545
00959396
00959679
00960253
00960852
00961337
00962114
00962673
00963127
00963505
00964014
00964454
00964910
00965445
00965660
00966173
00966610
00966983
00967552
00967893
00968463
00968851
00969233
00969911
00970485
00970956
00971364
00972237
00972962
00973306
00973646
00974404
00974821
00975324
00975879
00976410
00976721
00977003
00977704
00978142
00978969
00979620
00980230
00980717
00981262
00981688
00982398
00983175
00983579
00984010
00984364
00984709
00985110
00985491
00985818
00986237
00986699
00987143
00987730
00988140
00988559
00989644
00990352
00990944
00990972
00991225
00992384
00993155
00993210
00993576
00994047
00994612
00995219
00995602
00996454
00996838
00997495
00997680
00998013
00998974
00000178
00010887
00019718
00022668
00025689
00030062
00034826
00039724
00046039
00049927
00053959
00058890
00062070
00066365
00073445
00077684
00081780
00088206
00094123
00096802
00100853
00104284
00109367
00113640
00117674
00121537
00128722
00132112
00136554
00137257
00141175
00147269
00154608
00160324
00168273
00174060
00177421
00181912
00186999
00193690
00199207
00207567
00214983
00219371
00222619
00227580
00231535
00235299
00239320
00242270
00246025
00248483
00254929
00257735
00263106
00264648
00268287
00271096
00272586
00273222
00276116
00280070
00282274
00284833
00285813
00288823
00292233
00295534
00299937
00303045
00306550
00307701
00309155
00312947
00315709
00319691
00321498
00323373
00328062
00331081
00335545
00341219
00344859
00348593
00351860
00354405
00356425
00359468
00361683
00363350
00366766
00373182
00379068
00382771
00386977
00390384
00396041
00402556
00406950
00411435
00417098
00419079
00420710
00422268
00425263
00427708
00437588
00440833
00447069
00454639
00458836
00460827
00463539
00467273
00470052
00474239
00478691
00483354
00487095
00492672
00496450
00498598
00501491
00506896
00510762
00516171
00519083
00525941
00528898
00530409
00532988
00536983
00540670
00545392
00550084
00556738
00560991
00564793
00569075
00573462
00580261
00583754
00588193
00591867
00595840
00600769
00605433
00609392
00613983
00616822
00621194
00626394
00630925
00634289
00637663
00641835
00649066
00654054
00661378
00666699
00670965
00677146
00681973
00684235
00685824
00688673
00694627
00700201
00704693
00708311
00715756
00718682
00722142
00725186
00731558
00736053
00738739
00742408
00746394
00749174
00753392
00759650
00764086
00770090
00772987
00778995
00783527
00786480
00788298
00791224
00794744
00800866
00808304
00814236
00820269
00827996
00836424
00846877
00856030
00864151
00870257
00876732
00880738
00887470
00894487
00902999
00909989
00916322
00920663
00925638
00934589
00939580
00947837
00953520
00960580
00967494
00977460
00984683
00990919
00994791
