00005879
00014932
00017462
00022793
00032357
00037399
00043054
00047522
00055575
00065744
00070266
00080752
00086425
00094544
00104072
00110475
00122741
00130864
00137196
00144212
00152373
00160476
00163989
00174149
00183931
00191638
00199906
00205894
00211797
00218731
00221688
00226622
00232040
00235525
00239569
00242879
00250107
00257817
00266412
00270766
00272919
00277921
00282048
00285203
00292113
00296830
00301435
00306206
00308173
00312716
00315857
00321088
00323955
00329909
00335622
00342946
00351288
00356436
00359129
00361848
00369072
00374892
00382400
00389801
00403280
00412279
00419048
00422318
00427124
00437159
00445021
00456894
00461540
00468466
00474740
00479434
00485151
00490258
00494789
00500313
00504119
00509723
00516995
00520170
00527292
00530374
00535082
00540224
00544685
00551355
00559974
00567279
00572504
00579936
00591900
00601816
00606794
00611653
00617277
00626666
00632741
00638901
00646926
00655499
00660633
00670178
00681161
00685289
00692311
00698399
00702856
00707343
00713331
00721652
00731609
00737781
00741471
00745875
00749788
00759403
00767978
00776846
00781916
00787469
00791533
00797906
00805070
00814267
00821433
00828031
00836091
00841954
00851739
00860637
00866303
00874710
00880626
00890523
00896733
00907431
00916970
00924921
00933822
00940597
00948062
00956792
00964767
00972239
00978195
00983684
00991101
00000168
00000849
00001400
00001817
00002290
00002719
00003280
00003813
00004267
00004677
00005110
00005463
00005894
00006467
00006677
00007189
00007540
00008065
00008427
00009038
00009549
00009934
00010398
00010616
00011006
00011573
00012221
00012645
00013303
00013995
00014420
00014919
00015230
00015456
00015667
00015926
00016422
00016771
00016988
00017075
00017095
00017132
00017166
00017282
00017330
00017390
00017471
00018185
00019560
00019851
00020366
00020739
00020966
00021055
00021290
00021564
00021842
00021964
00022073
00022158
00022278
00022544
00022644
00022825
00022878
00023579
00024250
00024680
00024999
00025199
00025550
00025918
00026135
00026479
00026641
00026733
00026808
00026858
00027004
00027370
00027671
00028124
00028770
00029089
00029419
00029712
00029926
00030230
00030637
00030956
00031136
00031298
00031660
00032135
00032601
00032965
00033170
00033598
00033816
00034166
00034331
00034627
00035092
00035164
00035235
00035447
00035652
00036157
00036309
00036411
00036771
00037057
00037318
00037887
00038382
00038693
00039249
00039393
00039692
00039796
00040108
00040719
00041131
00041583
00041986
00042226
00042486
00042861
00043378
00043800
00044240
00044624
00045013
00045290
00045801
00046092
00046876
00047095
00047483
00047730
00048015
00048509
00048921
00049321
00049948
00050289
00050481
00050647
00051082
00051234
00051473
00051888
00052344
00052976
00053175
00053405
00053607
00053907
00054131
00054449
00054810
00055524
00055967
00056198
00056643
00056977
00057096
00057500
00058127
00058200
00058718
00058995
00059308
00059377
00059566
00059847
00060146
00060327
00061134
00061402
00061793
00062190
00062718
00063209
00063517
00063906
00064199
00064337
00064458
00064935
00065091
00065502
00065916
00066362
00066804
00067110
00067230
00067388
00067632
00068037
00068360
00068478
00068974
00069348
00069875
00070537
00070974
00071508
00071611
00071875
00072175
00072781
00073089
00073489
00074225
00074694
00074957
00075703
00076066
00076361
00077239
00077604
00077669
00077838
00078383
00078566
00079040
00079360
00079514
00079740
00080402
00080716
00080926
00081241
00081532
00081806
00082161
00082318
00082691
00082964
00083275
00083722
00084332
00084718
00084906
00085376
00086404
00086696
00086895
00087209
00087579
00087698
00088092
00088366
00089080
00089296
00089649
00090450
00090850
00091044
00091308
00091677
00091952
00092413
00092600
00093068
00093754
00094099
00094251
00094556
00094937
00095138
00095456
00095756
00096227
00096419
00096557
00096740
00096997
00097286
00097532
00097919
00098169
00098647
00098982
00099146
00099896
00100398
00100618
00101304
00101410
00101511
00101581
00101715
00101952
00102073
00102175
00102598
00103098
00103275
00103618
00103914
00104080
00104258
00104572
00104985
00105066
00105202
00105261
00105352
00105586
00106127
00106723
00107181
00107524
00107758
00108244
00108569
00109003
00109356
00109607
00109872
00110339
00110554
00111153
00111641
00111994
00112228
00112904
00113372
00113807
00114199
00114631
00114841
00115015
00115362
00115760
00115991
00116306
00116645
00116820
00117167
00117349
00117712
00118025
00118362
00119034
00119386
00119530
00119623
00119818
00120226
00120568
00120886
00121272
00121884
00122416
00122873
00123458
00123695
00123865
00124355
00124865
00125174
00125727
00125962
00126102
00126302
00126399
00126823
00127088
00127310
00127682
00128105
00128730
00128943
00129271
00130512
00130574
00130702
00130844
00131257
00131598
00132023
00132241
00132466
00132562
00132928
00133242
00133589
00133906
00134280
00134552
00134771
00135123
00135211
00135510
00135749
00136360
00136615
00136906
00136951
00137058
00137242
00137666
00137949
00138710
00138879
00139065
00139434
00139787
00140088
00140503
00140921
00141194
00141403
00141437
00141712
00142260
00142603
00142919
00143553
00144056
00144239
00144638
00145015
00145449
00145719
00145988
00146479
00146945
00147232
00147493
00147821
00148986
00150512
00150665
00150883
00152127
00152473
00152714
00152996
00153636
00153839
00154318
00154750
00155346
00155804
00156907
00157135
00157697
00158214
00158714
00159061
00159425
00159879
00160665
00160868
00161260
00161413
00161545
00161795
00162018
00162399
00162670
00163086
00163488
00163769
00164217
00164419
00164886
00165341
00165578
00166036
00166348
00166560
00166931
00167161
00167528
00167942
00168326
00168447
00169150
00169712
00170127
00170521
00171106
00171446
00171858
00172351
00172664
00173000
00173406
00173789
00174038
00174404
00174534
00174827
00174953
00175354
00175550
00175892
00176098
00176489
00176710
00176889
00177248
00177621
00177927
00178030
00178468
00178652
00179114
00179209
00179498
00179866
00180161
00180728
00181039
00181824
00182205
00182377
00182559
00182808
00182983
00183136
00183382
00183795
00184058
00184303
00184564
00184940
00185289
00185640
00186146
00186634
00187025
00187294
00187437
00188067
00188610
00189003
00189217
00189428
00189842
00190618
00190979
00191183
00191422
00191787
00192249
00192756
00193207
00193669
00193903
00194454
00194866
00195499
00195765
00196074
00196492
00196949
00197261
00197642
00198127
00198459
00198805
00199096
00199495
00199904
00200192
00200369
00200661
00201032
00201441
00201766
00202527
00202896
00203338
00204059
00204339
00204920
00205483
00205716
00206024
00206600
00207035
00207568
00208079
00208300
00208461
00209091
00209254
00209549
00210293
00210564
00210872
00211310
00211730
00212225
00212640
00213194
00213460
00213942
00214257
00214414
00215035
00215455
00215737
00215881
00216279
00216530
00217063
00217413
00217706
00217961
00218297
00218379
00218771
00218827
00218961
00219115
00219506
00219746
00219875
00219901
00220104
00220530
00220770
00220883
00220982
00221030
00221311
00221492
00221849
00221953
00222022
00222314
00222493
00222716
00222993
00223283
00223579
00223679
00223924
00224145
00224355
00224744
00225217
00225631
00226213
00226338
00226680
00227152
00227328
00227545
00227598
00227680
00227918
00228183
00228543
00229204
00229442
00229683
00229952
00230421
00230546
00230921
00231071
00231293
00231485
00231631
00231865
00231920
00231950
00232041
00232241
00232505
00232620
00232769
00232830
00232946
00233173
00233947
00234222
00234530
00234758
00234950
00235533
00235991
00236127
00236421
00236681
00237064
00237326
00237704
00237986
00238232
00238359
00238617
00238907
00239067
00239502
00239772
00240046
00240451
00240623
00241101
00241262
00241536
00241667
00241932
00242150
00242657
00242998
00243140
00243370
00243893
00244141
00244505
00244626
00245107
00245452
00245777
00246006
00246214
00246592
00246998
00247041
00247358
00247869
00248329
00248701
00248975
00249268
00249438
00249609
00249849
00250332
00250748
00251242
00251524
00251850
00252080
00252409
00252687
00252904
00253358
00254225
00254554
00254899
00255246
00255659
00256043
00256360
00256609
00256729
00257452
00257640
00257747
00258394
00258571
00258818
00259111
00259472
00259684
00260031
00260284
00260925
00261286
00261561
00261959
00262384
00262477
00262677
00262842
00263000
00263116
00263484
00263572
00263607
00263934
00263972
00264028
00264286
00264456
00264660
00264701
00264879
00265220
00265651
00265979
00266300
00266371
00266574
00266903
00267325
00267699
00267784
00268036
00268283
00268516
00269367
00269907
00270236
00270584
00270757
00270785
00270811
00270840
00270866
00270894
00270966
00271067
00271121
00271168
00271200
00271288
00271366
00271563
00272062
00272268
00272494
00272554
00272591
00272630
00272698
00272773
00272828
00272886
00272940
00273164
00273248
00273619
00273867
00274346
00274468
00274507
00274671
00275023
00275198
00275423
00275597
00276009
00276115
00276328
00276692
00277097
00277339
00277528
00277863
00278100
00278399
00278883
00279136
00279343
00279638
00279794
00279914
00280079
00280140
00280247
00280387
00280477
00280546
00280745
00280966
00281299
00281456
00281825
00281955
00282148
00282276
00282614
00283053
00283714
00283989
00284163
00284237
00284308
00284454
00284766
00284837
00284860
00284921
00285165
00285351
00285659
00285748
00285794
00286042
00286312
00286412
00287209
00287589
00287854
00288154
00288535
00288821
00289077
00289542
00289931
00290194
00290380
00290593
00290805
00291125
00291454
00291802
00292203
00292430
00292809
00293381
00293684
00294020
00294216
00294389
00294883
00295243
00295724
00295976
00296105
00296182
00296781
00296930
00297229
00297330
00297429
00297799
00297980
00298136
00298594
00298914
00299045
00299304
00299687
00299917
00299994
00300455
00300611
00300804
00301113
00301349
00301515
00301789
00302047
00302249
00302523
00302893
00303251
00303571
00303876
00304201
00304689
00304900
00305260
00305460
00305732
00306058
00306276
00306481
00306531
00306575
00306712
00307017
00307159
00307238
00307262
00307305
00307448
00307679
00307712
00307776
00307833
00307892
00308155
00308261
00308313
00308436
00308522
00308724
00308917
00309205
00309327
00309556
00309838
00310170
00310545
00310827
00310970
00311145
00311407
00311607
00312214
00312382
00312710
00312867
00313013
00313251
00313354
00313417
00313502
00313563
00313635
00313973
00314043
00314543
00314789
00315259
00315810
00316374
00316703
00317103
00317284
00317627
00317750
00317964
00318535
00318775
00319155
00319349
00319425
00319549
00319685
00319768
00319949
00320202
00320436
00320788
00320891
00321047
00321105
00321278
00321401
00321499
00321559
00321806
00322016
00322091
00322358
00322685
00322945
00323186
00323313
00323427
00323547
00323923
00324215
00324684
00325237
00325702
00325946
00326357
00326646
00326981
00327485
00327686
00327878
00328078
00328403
00328723
00329242
00329381
00330063
00330375
00330827
00330993
00331186
00331688
00332165
00332387
00332543
00332993
00333441
00333543
00334042
00334404
00334803
00335215
00335481
00335896
00336022
00336410
00336601
00336824
00337041
00337639
00338072
00338437
00338838
00339226
00339587
00339805
00340147
00340278
00340648
00341223
00341466
00341825
00342286
00342692
00342830
00342932
00342964
00342997
00343073
00343343
00343994
00344270
00344695
00344997
00345193
00345397
00345902
00346318
00346799
00347241
00347533
00347834
00348415
00348837
00349120
00349733
00349956
00350155
00350488
00350811
00351108
00351407
00351574
00351856
00351943
00352147
00352208
00352459
00352628
00352927
00353441
00353594
00353612
00353638
00353675
00353718
00353942
00354372
00354824
00355155
00355488
00356113
00356320
00356426
00356572
00356668
00356907
00356994
00357343
00357544
00358286
00358602
00359095
00359120
00359156
00359337
00359472
00359696
00359823
00359853
00359887
00359966
00360340
00360576
00360786
00361145
00361352
00361408
00361548
00361663
00361897
00362195
00362521
00363022
00363369
00364206
00364396
00364736
00365219
00365484
00365631
00366231
00366340
00366494
00366778
00367057
00367324
00367890
00368100
00368491
00368784
00369003
00369259
00369883
00370396
00370822
00371311
00371542
00371600
00371954
00372629
00372985
00373174
00373393
00373686
00374274
00374726
00375261
00375588
00375768
00375899
00377485
00378074
00378379
00378460
00378921
00379363
00379840
00380069
00380615
00381054
00381584
00381954
00382184
00382433
00382687
00382837
00383738
00384105
00384472
00384644
00385075
00385271
00385436
00385696
00386259
00386557
00386823
00387062
00387284
00387630
00388144
00388717
00388887
00389346
00389393
00389624
00390071
00390275
00390501
00391171
00391609
00392368
00392636
00393101
00393440
00394114
00394524
00395025
00395323
00396056
00396481
00396681
00396808
00397184
00397631
00397970
00398755
00399113
00399578
00399762
00400331
00401013
00401566
00402042
00402640
00402842
00403103
00403533
00404105
00404577
00404878
00405374
00405682
00405893
00406560
00406883
00407359
00408001
00408375
00408876
00409563
00409855
00410065
00410448
00410757
00411076
00411299
00411668
00411984
00412459
00412992
00413520
00413856
00414330
00415018
00415575
00415973
00416421
00416830
00417179
00417610
00418052
00418448
00418748
00418813
00418858
00418904
00419004
00419086
00419268
00419352
00419406
00419622
00419787
00420196
00420708
00421083
00421311
00421572
00421705
00421785
00421868
00421925
00422026
00422174
00422215
00422295
00422344
00422442
00422728
00423016
00423701
00423877
00424353
00424501
00424863
00425089
00425276
00425499
00426042
00426440
00426935
00427151
00427473
00427702
00428044
00428730
00428992
00429558
00430338
00430701
00430920
00431642
00431957
00432118
00432383
00432847
00433284
00433760
00434049
00434375
00434590
00434916
00435031
00435588
00435883
00436538
00436677
00436792
00437008
00437327
00437702
00437919
00438228
00438601
00438879
00439273
00439616
00440054
00440348
00440448
00440682
00440921
00441505
00442095
00442453
00442655
00442821
00443182
00443400
00443587
00444398
00444662
00445025
00445401
00445864
00446502
00446668
00447425
00447723
00447841
00448079
00448405
00448731
00449009
00449924
00450596
00450968
00451685
00452439
00452837
00453331
00453963
00454490
00454686
00454893
00455383
00455480
00455717
00456286
00456488
00456598
00456885
00457553
00457629
00457920
00458474
00458923
00459402
00459917
00460139
00460378
00460761
00461105
00461547
00461744
00461853
00462167
00462656
00463289
00463536
00463802
00464155
00464445
00464796
00465213
00465753
00465995
00466314
00466640
00467015
00467395
00467833
00468243
00468685
00468962
00469509
00469714
00470046
00470086
00470513
00470788
00471058
00471425
00471929
00472559
00472657
00472889
00473090
00473384
00473575
00473780
00474277
00474663
00474879
00475205
00475498
00475730
00476497
00476942
00477237
00477802
00478048
00478206
00478291
00478608
00478752
00479309
00479437
00479711
00479943
00480314
00480745
00481118
00481276
00481484
00481979
00482229
00482527
00482789
00483287
00483902
00484247
00484537
00485060
00485552
00486022
00486187
00486337
00486548
00486614
00486752
00486985
00487117
00487383
00487598
00487869
00488354
00488828
00488992
00489174
00489327
00489596
00489706
00489903
00490603
00491508
00491907
00492510
00492692
00492921
00493050
00493303
00493397
00493633
00493827
00494024
00494207
00494446
00494746
00495107
00495463
00495870
00496269
00496461
00496494
00496648
00496979
00497105
00497444
00497982
00498431
00498886
00499182
00499426
00499859
00499994
00500121
00500271
00500382
00500572
00500655
00500839
00501013
00501540
00501780
00502703
00503209
00503624
00503925
00504260
00504857
00505127
00505592
00505912
00506252
00506932
00507124
00507352
00507574
00507741
00507914
00508064
00508380
00508537
00508848
00509561
00509965
00510380
00510640
00510793
00510940
00511072
00511162
00511508
00511672
00512030
00512490
00512864
00513108
00513813
00514012
00514480
00514688
00514749
00514932
00515295
00515657
00516092
00516253
00516527
00516862
00517176
00517312
00517439
00517852
00517951
00518411
00518784
00518904
00519016
00519098
00519278
00519382
00519546
00519625
00520003
00520250
00520482
00520727
00520915
00521078
00521469
00521892
00522048
00522372
00522677
00522889
00523143
00523576
00523832
00524067
00524658
00524969
00525476
00525814
00526102
00526545
00526976
00527284
00527417
00527520
00527587
00527655
00527929
00528443
00529020
00529223
00529582
00529880
00529943
00530020
00530146
00530238
00530309
00530373
00530421
00530478
00530528
00530590
00530674
00531006
00531243
00531448
00531743
00531889
00532317
00532667
00532976
00533241
00533373
00533619
00533999
00534391
00534651
00534896
00535292
00535451
00535705
00535792
00536211
00536633
00536808
00536980
00537209
00537455
00537526
00537687
00538175
00538442
00538583
00538910
00539355
00539832
00540012
00540275
00540394
00540551
00540708
00540780
00540823
00541428
00541720
00542098
00542391
00542782
00543114
00543956
00544516
00545009
00545282
00545840
00546191
00546507
00546875
00547342
00547878
00548331
00548793
00549021
00549484
00549729
00550742
00550896
00551339
00551717
00552226
00552604
00553106
00553537
00554001
00554240
00554569
00554741
00554956
00555499
00555757
00556069
00556389
00556681
00557506
00557688
00557799
00558076
00558366
00558690
00558943
00559376
00560293
00560522
00560693
00560937
00561167
00561312
00561506
00561825
00562039
00562256
00562684
00563716
00564134
00564332
00564804
00565377
00565745
00566119
00566497
00566737
00567263
00567559
00567728
00568045
00568273
00568501
00568629
00568941
00569048
00569315
00569571
00569666
00570074
00570342
00570627
00571085
00571378
00571548
00571681
00571929
00572199
00572329
00572560
00572791
00573331
00573461
00573732
00573981
00574227
00574657
00575435
00575592
00575794
00576122
00576512
00576799
00577207
00577379
00577885
00578258
00578791
00578980
00579261
00579572
00579928
00580037
00580267
00580522
00580849
00581218
00581335
00581549
00581737
00582203
00582438
00582710
00582857
00583180
00583513
00583772
00584004
00584334
00584764
00585196
00585606
00586151
00586553
00586794
00587247
00587497
00587901
00588304
00588430
00588609
00588959
00589427
00589794
00590051
00590263
00590414
00590685
00590988
00591819
00592173
00592377
00592715
00593084
00593247
00593702
00593974
00594174
00594461
00594948
00595161
00595416
00595901
00596192
00596530
00596731
00596812
00597099
00597977
00598414
00598867
00599602
00599852
00600266
00600534
00600848
00601089
00601272
00601395
00601937
00602100
00602241
00602567
00602790
00602952
00603347
00603976
00604160
00604478
00604841
00605435
00605879
00606034
00606274
00606680
00606854
00607301
00607509
00607805
00608026
00608360
00608651
00608867
00609490
00610270
00610601
00610767
00611216
00611436
00611749
00611861
00611924
00612119
00612444
00612893
00613270
00613376
00613585
00613821
00613875
00613933
00614013
00614196
00614638
00614733
00614925
00615125
00615310
00615761
00616060
00616336
00616921
00617093
00617352
00617530
00617775
00618142
00618471
00618679
00618835
00619380
00619520
00619751
00620169
00620305
00620519
00620909
00621271
00621524
00621786
00622289
00622428
00623168
00623696
00623967
00624235
00624638
00624794
00625124
00625294
00625547
00625825
00626368
00626987
00627489
00627808
00628564
00629023
00629425
00629733
00630101
00630619
00630920
00631251
00631928
00632149
00632404
00632821
00633342
00633686
00633919
00634379
00634696
00634797
00634934
00635351
00635607
00635771
00636068
00636658
00636817
00637145
00637439
00637506
00637657
00637938
00638205
00638487
00638727
00639020
00639617
00640013
00640388
00640579
00640826
00641215
00641567
00641984
00642321
00642716
00643033
00643371
00643528
00643886
00644552
00645127
00645622
00645859
00646267
00646522
00646991
00647825
00648321
00648896
00649455
00649891
00650582
00651066
00651495
00651781
00652574
00652762
00653043
00653350
00653828
00654127
00654701
00655058
00655188
00655719
00655908
00656320
00656674
00657013
00657234
00657537
00657665
00657798
00658244
00658562
00659162
00659583
00659812
00660241
00660591
00661069
00661433
00661631
00661862
00662575
00662882
00663139
00663254
00663637
00664078
00664507
00664738
00664958
00665039
00665274
00665663
00666037
00666589
00666807
00668368
00668678
00668898
00669449
00669662
00670266
00670426
00670709
00671093
00671986
00672363
00672698
00673277
00673563
00673940
00674196
00674332
00674521
00674705
00675426
00675538
00675685
00676007
00676157
00676587
00676877
00677248
00677612
00678100
00678515
00678756
00678995
00679260
00679854
00680239
00680620
00681049
00681463
00681593
00681800
00681902
00682060
00682124
00682186
00682249
00682532
00683142
00683503
00683679
00684009
00684313
00684703
00685194
00685321
00685444
00685560
00685648
00685836
00685887
00685912
00686017
00686467
00686729
00687055
00687701
00688106
00688574
00688730
00688926
00689109
00689612
00689852
00690591
00691195
00691853
00692040
00692512
00693069
00693514
00693903
00694185
00695047
00695195
00695442
00695724
00696000
00696388
00696547
00696887
00697169
00697444
00697706
00698043
00698467
00698966
00699319
00699797
00699941
00700357
00701108
00701846
00702198
00702568
00702779
00702874
00703045
00703289
00703708
00704001
00704462
00704780
00705080
00705256
00705520
00705853
00706570
00706910
00707621
00707999
00708214
00708581
00708971
00709465
00709797
00710462
00710714
00711007
00711348
00711841
00712101
00712379
00712680
00713072
00713377
00713761
00714363
00714523
00714651
00714899
00715143
00715511
00715755
00716051
00716369
00716866
00717407
00717717
00717967
00718148
00718367
00718547
00718827
00719261
00719357
00719722
00719972
00720128
00720791
00721119
00721231
00721545
00721726
00722078
00722319
00722742
00722916
00723226
00723478
00723915
00724170
00724393
00724750
00725244
00725618
00726137
00726319
00726534
00727450
00727737
00727857
00727915
00728052
00728196
00728714
00729107
00729617
00729851
00730061
00730690
00731153
00731495
00731779
00732216
00732383
00732649
00732925
00733434
00733967
00734246
00734511
00735103
00735214
00735410
00735641
00735734
00735814
00736042
00736556
00736872
00737178
00737371
00737540
00737988
00738255
00738323
00738367
00738455
00738583
00738682
00738754
00738787
00738835
00738870
00739027
00739129
00739247
00739460
00739695
00739985
00740302
00740627
00740902
00741345
00741591
00741872
00742016
00742195
00742356
00742415
00742604
00742758
00742986
00743108
00743437
00743871
00744269
00744828
00745120
00745541
00745693
00746108
00746478
00746605
00746854
00746993
00747384
00748175
00748298
00748379
00748653
00749131
00749181
00749454
00749677
00749792
00750132
00750603
00750935
00751424
00751937
00752793
00753118
00753916
00754499
00754956
00755306
00755630
00756218
00756499
00756729
00757158
00757526
00757774
00757902
00758238
00758593
00759192
00759367
00759456
00759534
00759973
00760623
00761119
00761576
00761806
00762104
00762361
00762819
00763111
00763366
00763657
00763998
00764364
00764639
00764998
00765221
00765590
00765867
00766085
00766307
00766715
00767266
00767615
00767979
00768371
00768586
00769338
00769666
00769923
00770336
00770810
00771131
00771599
00772080
00772351
00772574
00772865
00773010
00773410
00773701
00774234
00774745
00775547
00775860
00776832
00776909
00777236
00777506
00778146
00778556
00778905
00779243
00779322
00779403
00779739
00780080
00780435
00780663
00780979
00781481
00781804
00782325
00783007
00783311
00783520
00783705
00783952
00784342
00784790
00784843
00785106
00785370
00785795
00786103
00786481
00787075
00787240
00787413
00787602
00787727
00788014
00788254
00788445
00788867
00789139
00789437
00789730
00790049
00790270
00790425
00790634
00790771
00791053
00791184
00791280
00791419
00791761
00791977
00792343
00792852
00793209
00793555
00793746
00794172
00794366
00794667
00795097
00795297
00795746
00796212
00796581
00796859
00797333
00797512
00797852
00798398
00798691
00799025
00799428
00799857
00800392
00800653
00800957
00801102
00801287
00801750
00802266
00802550
00803107
00803386
00803527
00804054
00804325
00805024
00805423
00806281
00806795
00806922
00807321
00807680
00807967
00808272
00808519
00808826
00809200
00809679
00809964
00810676
00810979
00811256
00811497
00811751
00812225
00812558
00812960
00813725
00814222
00814422
00814679
00814845
00815340
00815956
00816460
00816762
00817026
00817493
00818150
00818560
00819052
00819601
00820232
00820642
00821205
00821601
00821815
00822461
00822917
00823713
00823841
00824051
00824364
00824845
00825089
00825474
00825864
00826017
00826282
00826499
00827184
00827534
00828000
00828426
00828752
00829308
00829985
00830956
00831349
00831741
00832165
00832536
00833004
00833993
00834328
00834796
00835346
00836109
00836698
00836912
00837329
00837608
00838045
00838265
00838922
00839476
00839989
00840413
00840917
00841160
00841509
00841968
00843033
00843776
00844583
00844956
00845176
00845574
00846307
00846700
00847037
00847378
00847677
00848217
00848511
00848980
00849995
00850283
00850835
00851129
00851365
00851605
00851833
00852173
00852573
00852841
00853110
00853402
00854100
00854359
00855085
00855528
00855828
00856378
00856803
00857348
00857828
00859110
00859316
00859646
00860215
00860571
00860706
00861393
00861810
00862005
00862154
00862706
00863184
00863597
00863974
00864343
00864610
00864870
00865477
00865931
00866353
00866510
00866880
00867351
00867741
00868298
00868559
00868834
00869414
00870011
00870885
00871136
00872157
00872668
00872944
00873272
00873602
00874017
00874550
00874816
00875176
00875573
00876443
00876784
00877228
00877391
00877724
00878132
00878367
00878752
00879265
00879718
00879882
00880416
00880762
00881086
00881337
00881774
00882194
00882651
00882988
00883284
00883987
00884508
00884830
00885239
00885972
00886332
00886690
00887472
00888203
00888746
00889649
00889931
00890435
00890639
00891162
00891501
00892008
00892619
00892913
00893329
00893547
00893672
00894074
00894536
00894981
00895130
00895578
00896117
00896556
00896693
00896998
00897263
00897514
00898001
00898307
00898827
00899354
00899852
00900306
00900599
00900819
00901062
00901501
00901971
00902528
00902961
00903459
00903910
00904160
00904670
00904970
00905238
00905894
00906251
00906598
00906914
00907195
00907643
00908081
00908714
00909174
00909764
00910068
00910337
00910671
00911247
00911824
00912424
00912961
00913267
00913805
00914114
00914991
00915489
00915931
00917152
00917499
00918079
00918653
00918794
00919144
00920001
00920216
00920653
00921001
00921351
00921834
00922083
00922373
00923100
00923528
00923860
00924261
00924837
00925160
00925556
00926109
00926493
00926766
00927364
00927637
00928085
00928480
00929116
00929759
00930301
00930752
00931049
00931563
00932135
00932794
00933382
00933889
00934365
00934734
00934923
00935124
00936366
00936793
00937158
00937413
00938158
00938630
00939246
00939636
00940115
00940710
00941265
00941768
00942261
00942616
00943037
00943350
00944073
00944540
00944763
00945008
00945383
00945787
00946143
00946377
00946769
00947578
00948159
00948356
00948859
00949405
00949731
00950281
00950806
00951401
00951549
00951919
00952075
00952618
00953068
00953383
00953753
00954520
00955159
00955487
00955953
00956195
00957127
00957515
00958040
00958470
00959378
00959674
00960092
00960577
00961292
00962102
00962660
00963016
00963411
00963895
00964442
00964829
00965434
00965631
00966125
00966501
00966941
00967540
00967847
00968372
00968771
00969220
00969889
00970451
00970933
00971301
00972115
00972912
00973218
00973614
00974262
00974819
00975259
00975852
00976353
00976715
00976976
00977628
00978111
00978875
00979363
00980207
00980559
00981108
00981674
00982303
00983118
00983568
00983963
00984350
00984636
00985072
00985463
00985800
00986226
00986681
00987090
00987636
00988116
00988549
00989570
00990336
00990935
00990968
00991170
00992148
00993150
00993205
00993563
00994019
00994460
00995216
00995565
00996393
00996775
00997429
00997616
00998001
00998938
00999998
00010555
00018361
00022326
00025161
00029592
00033796
00039193
00045638
00049578
00053582
00058116
00061403
00065505
00071822
00076699
00081310
00087628
00094101
00096753
00100399
00103964
00107752
00113259
00117161
00121102
00127423
00130900
00136092
00137223
00141154
00146913
00151878
00159201
00166203
00173012
00177311
00181828
00186511
00193205
00199100
00205801
00213713
00219209
00222549
00226275
00231353
00234746
00239130
00242151
00245850
00248284
00254361
00257730
00262569
00264604
00268143
00270953
00272504
00273140
00276096
00279797
00282255
00284781
00285761
00288588
00291586
00295359
00299399
00302559
00306510
00307666
00308910
00311495
00314109
00319571
00321357
00323137
00327823
00331004
00335228
00340178
00344778
00347543
00351586
00353716
00356331
00359102
00361490
00363229
00366472
00372941
00378701
00382257
00386565
00390000
00395112
00400636
00406090
00411288
00416772
00419003
00420331
00422157
00424878
00427678
00436887
00440337
00446151
00453973
00458651
00460776
00462841
00467063
00470047
00473947
00478328
00483261
00487071
00492256
00495858
00498301
00500950
00505949
00510427
00514719
00518830
00523904
00528233
00530386
00532733
00536929
00540520
00544762
00549889
00556718
00560519
00564095
00568631
00572463
00580050
00583528
00587047
00591176
00595409
00600452
00605228
00607812
00613892
00616431
00620826
00626084
00630768
00633934
00637062
00641549
00648215
00653367
00660912
00666182
00669690
00675233
00681293
00683676
00685690
00688520
00692043
00698361
00703281
00707996
00715014
00718440
00721638
00724491
00731068
00735847
00738651
00741356
00745093
00748895
00752488
00759408
00763630
00769664
00772671
00777945
00782303
00785864
00788029
00791099
00794377
00800279
00807730
00812416
00819887
00827121
00834235
00846372
00854078
00863458
00869167
00876693
00879876
00887224
00894096
00902038
00909613
00915291
00920196
00924954
00934478
00939336
00945061
00953195
00960222
00966471
00976611
00984395
00990838
00994691
