blender24_id | occ24_id | euler64_canonical | all_euler64_duplicates | role
--------------------------------------------------------------------------------------
           0 |        0 |                 4 | [4, 21, 38, 55] | 
           1 |        1 |                14 | [14, 29, 44, 63] | 
           2 |        2 |                17 | [17, 59] | 
           3 |        3 |                25 | [25, 51] | 
           4 |        4 |                12 | [12, 31, 46, 61] | 
           5 |        5 |                 6 | [6, 23, 36, 53] | 
           6 |        6 |                27 | [27, 49] | 
           7 |        7 |                19 | [19, 57] | 
           8 |        8 |                15 | [15, 30, 45, 60] | 
           9 |        9 |                 7 | [7, 20, 37, 54] | 
          10 |       10 |                11 | [11, 33] | 
          11 |       11 |                 3 | [3, 41] | 
          12 |       12 |                 5 | [5, 22, 39, 52] | 
          13 |       13 |                13 | [13, 28, 47, 62] | 
          14 |       14 |                 1 | [1, 43] | 
          15 |       15 |                 9 | [9, 35] | 
          16 |       16 |                26 | [26, 48] | 
          17 |       17 |                16 | [16, 58] | 
          18 |       18 |                 0 | [0, 42] | single_view_identity
          19 |       19 |                10 | [10, 32] | 
          20 |       20 |                18 | [18, 56] | 
          21 |       21 |                24 | [24, 50] | 
          22 |       22 |                 8 | [8, 34] | 
          23 |       23 |                 2 | [2, 40] | 
