00005247
00011050
00017346
00022201
00031302
00037128
00042594
00047054
00055496
00065079
00069306
00078112
00086004
00094071
00103318
00110304
00122037
00130562
00136926
00142939
00150524
00159892
00162320
00173619
00183608
00191179
00199274
00205323
00211514
00218412
00220926
00225143
00231948
00234977
00238922
00242465
00249707
00257739
00265607
00270497
00272806
00277356
00281805
00285070
00291571
00296055
00301325
00305795
00307895
00311417
00315386
00319953
00323267
00328737
00335067
00340789
00349946
00354257
00359105
00361371
00368641
00374663
00381705
00389761
00402853
00411901
00418846
00422202
00426927
00435895
00443652
00456288
00461349
00467407
00474374
00478981
00483908
00489368
00494523
00500124
00503966
00509188
00516834
00519533
00526577
00530301
00534428
00540161
00544376
00551214
00557934
00565434
00572252
00579385
00591066
00600985
00606540
00610524
00616983
00625914
00632242
00637495
00646280
00654648
00660215
00669451
00679079
00684934
00691500
00697434
00702563
00705837
00712594
00721185
00731104
00736882
00741254
00744749
00748963
00758942
00766613
00775469
00780369
00787088
00791223
00797837
00803474
00814033
00819758
00827283
00835728
00841267
00851255
00859256
00865782
00874506
00880014
00887699
00896572
00906133
00915521
00922321
00933065
00939345
00946617
00956176
00963405
00971439
00977060
00983512
00990978
00000061
00000842
00001348
00001749
00002240
00002682
00003210
00003805
00004252
00004640
00005087
00005421
00005826
00006463
00006674
00007185
00007532
00007987
00008398
00009017
00009526
00009886
00010265
00010603
00010893
00011554
00012182
00012639
00013175
00013916
00014331
00014917
00015191
00015439
00015645
00015908
00016298
00016711
00016981
00017068
00017093
00017130
00017159
00017275
00017320
00017384
00017467
00017872
00018476
00019784
00020360
00020597
00020939
00021050
00021281
00021536
00021831
00021957
00022066
00022151
00022244
00022542
00022641
00022821
00022868
00023507
00024184
00024654
00024957
00025193
00025471
00025912
00026131
00026444
00026635
00026711
00026800
00026848
00027000
00027242
00027635
00028111
00028660
00029056
00029403
00029698
00029849
00030160
00030579
00030953
00031126
00031296
00031632
00032094
00032460
00032962
00033165
00033447
00033794
00034118
00034311
00034607
00035090
00035136
00035215
00035427
00035563
00036012
00036304
00036394
00036694
00037042
00037262
00037744
00038379
00038668
00039242
00039389
00039645
00039791
00040046
00040656
00041072
00041550
00041976
00042221
00042482
00042750
00043162
00043750
00044232
00044601
00044886
00045160
00045785
00046002
00046843
00047093
00047361
00047720
00048005
00048431
00048910
00049284
00049933
00050261
00050419
00050627
00051079
00051162
00051467
00051869
00052318
00052907
00053156
00053389
00053596
00053896
00054120
00054437
00054765
00055494
00055945
00056172
00056478
00056957
00057072
00057492
00058074
00058172
00058716
00058897
00059234
00059372
00059556
00059836
00060098
00060321
00061088
00061353
00061703
00062094
00062605
00063047
00063492
00063892
00064185
00064282
00064452
00064786
00065087
00065433
00065892
00066298
00066793
00067029
00067222
00067357
00067630
00067956
00068349
00068470
00068850
00069297
00069861
00070532
00070909
00071451
00071586
00071831
00072109
00072774
00073087
00073485
00074089
00074589
00074935
00075681
00076023
00076340
00077177
00077592
00077667
00077692
00078376
00078563
00078917
00079347
00079510
00079736
00080369
00080706
00080855
00081218
00081429
00081769
00082083
00082316
00082688
00082960
00083180
00083690
00084310
00084690
00084898
00085295
00086330
00086671
00086827
00087200
00087559
00087681
00088058
00088352
00089037
00089290
00089630
00090426
00090811
00090985
00091265
00091622
00091872
00092406
00092598
00093021
00093606
00094086
00094138
00094540
00094771
00095136
00095310
00095754
00096225
00096414
00096552
00096706
00096922
00097207
00097400
00097911
00098156
00098584
00098976
00099120
00099890
00100390
00100592
00101152
00101408
00101508
00101574
00101711
00101924
00102063
00102173
00102487
00103067
00103245
00103611
00103828
00104069
00104254
00104523
00104965
00105060
00105199
00105254
00105341
00105567
00106117
00106616
00107147
00107512
00107754
00108194
00108512
00108980
00109350
00109595
00109867
00110281
00110491
00111123
00111568
00111896
00112215
00112713
00113360
00113740
00114131
00114621
00114839
00115011
00115331
00115756
00115978
00116242
00116627
00116808
00117146
00117344
00117693
00118009
00118354
00119001
00119307
00119522
00119621
00119813
00120216
00120516
00120841
00121242
00121852
00122322
00122869
00123348
00123671
00123859
00124338
00124824
00125110
00125525
00125957
00126099
00126296
00126393
00126768
00126994
00127298
00127650
00128049
00128702
00128931
00129269
00130130
00130558
00130691
00130840
00131255
00131541
00131829
00132211
00132419
00132558
00132879
00133232
00133532
00133904
00134219
00134546
00134721
00135117
00135208
00135433
00135732
00136298
00136606
00136904
00136948
00137044
00137238
00137599
00137817
00138637
00138877
00139014
00139422
00139753
00140086
00140378
00140811
00141178
00141394
00141431
00141628
00142154
00142495
00142896
00143496
00143974
00144220
00144597
00144988
00145398
00145666
00145981
00146470
00146852
00147092
00147480
00147709
00148521
00150487
00150627
00150877
00152115
00152468
00152695
00152885
00153553
00153837
00154233
00154724
00155340
00155795
00156723
00157125
00157689
00158110
00158685
00159046
00159398
00159757
00160613
00160843
00161257
00161389
00161519
00161718
00162015
00162378
00162650
00163080
00163440
00163709
00164089
00164402
00164869
00165334
00165575
00165974
00166293
00166524
00166904
00167131
00167523
00167932
00168323
00168423
00169148
00169545
00170099
00170383
00171036
00171418
00171771
00172210
00172644
00172993
00173341
00173755
00174025
00174369
00174515
00174790
00174946
00175332
00175509
00175875
00176084
00176435
00176677
00176857
00177191
00177587
00177822
00178025
00178366
00178620
00179054
00179197
00179465
00179858
00180149
00180677
00181025
00181795
00182113
00182354
00182546
00182744
00182943
00183116
00183324
00183762
00184009
00184222
00184525
00184810
00185230
00185470
00186121
00186625
00186990
00187271
00187432
00188054
00188393
00188987
00189213
00189399
00189806
00190502
00190969
00191181
00191389
00191729
00192193
00192734
00193203
00193667
00193738
00194452
00194785
00195402
00195763
00196070
00196466
00196794
00197225
00197621
00198105
00198452
00198787
00199055
00199484
00199860
00200130
00200345
00200586
00200920
00201327
00201747
00202500
00202872
00203325
00203962
00204322
00204904
00205418
00205621
00205978
00206497
00207032
00207499
00207967
00208297
00208435
00208845
00209243
00209467
00210250
00210523
00210868
00211251
00211519
00212218
00212636
00213126
00213396
00213889
00214164
00214350
00215010
00215366
00215717
00215871
00216270
00216528
00217028
00217401
00217693
00217955
00218254
00218373
00218727
00218803
00218951
00219074
00219393
00219735
00219873
00219899
00219943
00220497
00220735
00220872
00220976
00221024
00221185
00221451
00221834
00221950
00222006
00222312
00222490
00222645
00222991
00223277
00223556
00223664
00223915
00224087
00224351
00224740
00225188
00225586
00226200
00226294
00226653
00227127
00227311
00227539
00227596
00227677
00227870
00228171
00228426
00228876
00229396
00229615
00229912
00230367
00230526
00230895
00231067
00231274
00231465
00231612
00231838
00231918
00231946
00232012
00232172
00232499
00232618
00232766
00232805
00232929
00233143
00233934
00234153
00234525
00234752
00234918
00235320
00235960
00236122
00236326
00236651
00237017
00237320
00237698
00237927
00238226
00238304
00238615
00238897
00239042
00239498
00239740
00239999
00240308
00240621
00240998
00241219
00241474
00241658
00241889
00242127
00242655
00242993
00243130
00243302
00243797
00244112
00244470
00244604
00245093
00245442
00245763
00246000
00246183
00246557
00246978
00247038
00247307
00247695
00248326
00248698
00248968
00249257
00249362
00249583
00249837
00250321
00250678
00251025
00251513
00251845
00252052
00252303
00252659
00252891
00253281
00254186
00254515
00254892
00255198
00255618
00255913
00256303
00256603
00256717
00257412
00257634
00257743
00258345
00258549
00258772
00259054
00259426
00259649
00260012
00260277
00260723
00261226
00261532
00261937
00262325
00262446
00262674
00262780
00262981
00263107
00263412
00263564
00263601
00263922
00263970
00264012
00264258
00264436
00264609
00264698
00264805
00265060
00265648
00265895
00266296
00266369
00266498
00266803
00267229
00267693
00267768
00268034
00268264
00268476
00269364
00269902
00270210
00270506
00270753
00270782
00270807
00270832
00270860
00270890
00270956
00271060
00271118
00271163
00271196
00271237
00271362
00271463
00272060
00272197
00272435
00272549
00272588
00272622
00272680
00272770
00272824
00272878
00272918
00273160
00273233
00273597
00273816
00274284
00274460
00274502
00274641
00274903
00275173
00275421
00275509
00275993
00276111
00276267
00276671
00277061
00277321
00277520
00277860
00278077
00278356
00278824
00279094
00279334
00279636
00279792
00279848
00280072
00280130
00280225
00280376
00280448
00280542
00280740
00280939
00281286
00281403
00281815
00281944
00282118
00282227
00282558
00282928
00283666
00283984
00284154
00284234
00284290
00284425
00284705
00284835
00284856
00284919
00285077
00285326
00285656
00285744
00285788
00285975
00286309
00286409
00287163
00287585
00287821
00288095
00288531
00288773
00289028
00289527
00289916
00290144
00290349
00290591
00290747
00291087
00291416
00291776
00292184
00292283
00292793
00293299
00293676
00293989
00294191
00294360
00294802
00295225
00295722
00295966
00296092
00296167
00296645
00296926
00297201
00297321
00297417
00297780
00297950
00298080
00298563
00298889
00299025
00299243
00299584
00299883
00299985
00300432
00300608
00300794
00301061
00301342
00301513
00301693
00302044
00302243
00302506
00302889
00303243
00303557
00303861
00304178
00304663
00304868
00305243
00305446
00305646
00305976
00306252
00306468
00306526
00306573
00306673
00307002
00307152
00307235
00307258
00307299
00307436
00307671
00307707
00307764
00307830
00307886
00308142
00308252
00308308
00308423
00308512
00308664
00308887
00309154
00309300
00309550
00309773
00310143
00310478
00310786
00310966
00311128
00311394
00311506
00312180
00312371
00312674
00312788
00313010
00313185
00313351
00313409
00313495
00313555
00313628
00313950
00314036
00314472
00314786
00315199
00315764
00316325
00316607
00317013
00317200
00317587
00317728
00317848
00318487
00318748
00319095
00319339
00319414
00319529
00319675
00319762
00319901
00320186
00320424
00320785
00320829
00321043
00321095
00321246
00321379
00321492
00321551
00321720
00321992
00322086
00322321
00322620
00322910
00323183
00323310
00323413
00323545
00323907
00324160
00324561
00325094
00325671
00325907
00326355
00326635
00326959
00327437
00327681
00327827
00328071
00328387
00328700
00329220
00329343
00330021
00330341
00330798
00330984
00331184
00331590
00332161
00332328
00332535
00332877
00333430
00333533
00333969
00334360
00334783
00335180
00335455
00335894
00336007
00336392
00336546
00336819
00337032
00337576
00338030
00338422
00338748
00339189
00339536
00339793
00339972
00340265
00340615
00341208
00341425
00341800
00342277
00342689
00342827
00342894
00342960
00342989
00343063
00343338
00343931
00344196
00344664
00344991
00345185
00345395
00345758
00346285
00346648
00347157
00347487
00347722
00348338
00348829
00349059
00349708
00349945
00350092
00350449
00350790
00351056
00351404
00351528
00351853
00351935
00352139
00352194
00352440
00352623
00352809
00353376
00353591
00353609
00353635
00353669
00353706
00353910
00354129
00354800
00355151
00355325
00355863
00356271
00356423
00356557
00356666
00356894
00356974
00357270
00357542
00358262
00358572
00359057
00359114
00359150
00359295
00359454
00359694
00359807
00359849
00359881
00359932
00360192
00360496
00360784
00361122
00361349
00361391
00361546
00361633
00361895
00362125
00362395
00362944
00363359
00364204
00364351
00364712
00365214
00365471
00365620
00366221
00366337
00366481
00366680
00367051
00367221
00367759
00368068
00368488
00368772
00369000
00369236
00369859
00370345
00370805
00371273
00371540
00371598
00371911
00372464
00372974
00373167
00373342
00373553
00374228
00374556
00375225
00375542
00375719
00375890
00376158
00377893
00378376
00378430
00378826
00379254
00379809
00380058
00380589
00381024
00381290
00381947
00382142
00382428
00382681
00382822
00383715
00384040
00384423
00384614
00384992
00385267
00385405
00385667
00386108
00386541
00386820
00387024
00387197
00387617
00388042
00388713
00388860
00389340
00389389
00389614
00390067
00390205
00390428
00391110
00391533
00392360
00392597
00393012
00393411
00394075
00394478
00394853
00395298
00396051
00396163
00396639
00396788
00397029
00397628
00397943
00398679
00399105
00399535
00399724
00400317
00400855
00401479
00402014
00402580
00402838
00403075
00403486
00404068
00404573
00404840
00405274
00405652
00405889
00406520
00406866
00407323
00407829
00408338
00408776
00409476
00409836
00410042
00410373
00410714
00411069
00411289
00411631
00411953
00412402
00412934
00413499
00413805
00414309
00414979
00415549
00415895
00416405
00416773
00417174
00417578
00418017
00418436
00418721
00418804
00418855
00418896
00418994
00419083
00419257
00419344
00419403
00419581
00419767
00420161
00420576
00421056
00421308
00421550
00421694
00421768
00421863
00421923
00422016
00422172
00422211
00422288
00422338
00422429
00422679
00422955
00423677
00423816
00424335
00424494
00424843
00425083
00425264
00425481
00426034
00426248
00426932
00427145
00427458
00427677
00428032
00428679
00428979
00429553
00430070
00430585
00430793
00431348
00431949
00431996
00432369
00432612
00433238
00433723
00434025
00434358
00434583
00434901
00434982
00435319
00435876
00436465
00436675
00436782
00436960
00437269
00437629
00437891
00438136
00438499
00438801
00439160
00439575
00440037
00440329
00440439
00440637
00440806
00441490
00441929
00442374
00442584
00442818
00443157
00443389
00443585
00444365
00444640
00444981
00445360
00445817
00446488
00446661
00447311
00447694
00447829
00448064
00448401
00448655
00448934
00449897
00450578
00450743
00451585
00452286
00452820
00453299
00453946
00454371
00454677
00454883
00455284
00455461
00455664
00456284
00456458
00456592
00456878
00457436
00457606
00457912
00458352
00458915
00459389
00459899
00460123
00460358
00460735
00461068
00461498
00461729
00461850
00462156
00462644
00463190
00463531
00463759
00464099
00464434
00464753
00465194
00465686
00465987
00466277
00466592
00466990
00467369
00467827
00468088
00468549
00468956
00469482
00469675
00470042
00470074
00470505
00470766
00471050
00471390
00471902
00472541
00472655
00472878
00473070
00473376
00473507
00473775
00474237
00474487
00474854
00475189
00475453
00475719
00476323
00476827
00477206
00477798
00478019
00478202
00478278
00478553
00478732
00479068
00479433
00479701
00479917
00480259
00480691
00481022
00481268
00481456
00481954
00482198
00482502
00482755
00483285
00483858
00484189
00484533
00484947
00485520
00485930
00486178
00486319
00486538
00486611
00486744
00486972
00487100
00487314
00487590
00487841
00488340
00488791
00488978
00489170
00489317
00489594
00489704
00489847
00490462
00491462
00491777
00492474
00492666
00492901
00493028
00493260
00493387
00493589
00493803
00493988
00494197
00494414
00494702
00495105
00495456
00495856
00496196
00496458
00496489
00496629
00496946
00497060
00497418
00497948
00498342
00498859
00499163
00499399
00499853
00499942
00500108
00500265
00500358
00500568
00500643
00500837
00500947
00501509
00501762
00502697
00503185
00503558
00503908
00504157
00504635
00505093
00505567
00505881
00506187
00506848
00507119
00507235
00507563
00507728
00507912
00508062
00508361
00508522
00508839
00509531
00509899
00510345
00510636
00510786
00510937
00511051
00511155
00511482
00511660
00512020
00512458
00512823
00513102
00513792
00514008
00514450
00514670
00514746
00514888
00515276
00515606
00516074
00516214
00516496
00516858
00517156
00517303
00517426
00517824
00517933
00518365
00518765
00518882
00518996
00519091
00519259
00519359
00519518
00519623
00519990
00520235
00520469
00520685
00520896
00521025
00521362
00521827
00522046
00522357
00522638
00522872
00523129
00523435
00523819
00523991
00524653
00524964
00525415
00525762
00526082
00526463
00526930
00527248
00527381
00527512
00527584
00527629
00527804
00528360
00529004
00529206
00529503
00529874
00529940
00530016
00530083
00530234
00530303
00530364
00530419
00530475
00530523
00530586
00530663
00530938
00531236
00531422
00531735
00531886
00532204
00532663
00532971
00533237
00533318
00533511
00533968
00534340
00534643
00534888
00535256
00535433
00535699
00535786
00536169
00536621
00536788
00536946
00537190
00537426
00537524
00537663
00538011
00538361
00538578
00538837
00539346
00539784
00540009
00540265
00540381
00540527
00540686
00540778
00540815
00541396
00541716
00542077
00542368
00542770
00543094
00543919
00544481
00544832
00545262
00545818
00546177
00546366
00546842
00547338
00547766
00548290
00548786
00548995
00549416
00549719
00550065
00550864
00551249
00551485
00552185
00552541
00553086
00553512
00553999
00554190
00554526
00554737
00554917
00555434
00555750
00555998
00556330
00556670
00557472
00557660
00557794
00558060
00558355
00558675
00558917
00559351
00560203
00560482
00560685
00560923
00561163
00561293
00561465
00561820
00562037
00562235
00562644
00563692
00564077
00564326
00564795
00565143
00565639
00566048
00566418
00566729
00567045
00567542
00567661
00567975
00568234
00568497
00568626
00568934
00569046
00569222
00569540
00569643
00569887
00570292
00570581
00571052
00571369
00571538
00571679
00571926
00572131
00572309
00572523
00572738
00573273
00573459
00573664
00573942
00574209
00574615
00575357
00575546
00575779
00576062
00576504
00576769
00577204
00577328
00577759
00578211
00578650
00578977
00579231
00579494
00579917
00579991
00580243
00580517
00580841
00581162
00581294
00581529
00581733
00582196
00582434
00582701
00582848
00583176
00583494
00583768
00584002
00584274
00584689
00585127
00585586
00586144
00586550
00586766
00587079
00587492
00587889
00588300
00588420
00588584
00588948
00589268
00589766
00590033
00590215
00590401
00590671
00590986
00591556
00592155
00592370
00592702
00593065
00593221
00593695
00593931
00594151
00594450
00594917
00595153
00595408
00595868
00596093
00596517
00596716
00596809
00597089
00597970
00598407
00598842
00599596
00599808
00600262
00600520
00600798
00601056
00601250
00601385
00601799
00602098
00602231
00602556
00602786
00602919
00603324
00603937
00604151
00604395
00604775
00605261
00605872
00605983
00606207
00606628
00606810
00607235
00607502
00607802
00608017
00608356
00608646
00608831
00609408
00610232
00610550
00610705
00611209
00611412
00611723
00611845
00611914
00612049
00612440
00612803
00613183
00613364
00613561
00613786
00613864
00613910
00613996
00614173
00614616
00614731
00614920
00615123
00615308
00615733
00616042
00616309
00616794
00617083
00617324
00617488
00617771
00618128
00618405
00618674
00618812
00619370
00619463
00619749
00620158
00620284
00620493
00620807
00621193
00621472
00621780
00622271
00622424
00623030
00623656
00623955
00624220
00624513
00624747
00625102
00625280
00625544
00625749
00626229
00626821
00627416
00627778
00628424
00628820
00629392
00629665
00630015
00630528
00630854
00631195
00631899
00632068
00632283
00632777
00633310
00633664
00633897
00634344
00634611
00634795
00634921
00635281
00635605
00635724
00636049
00636500
00636810
00637078
00637432
00637493
00637625
00637920
00638187
00638432
00638721
00638920
00639483
00639965
00640385
00640559
00640818
00641171
00641540
00641967
00642297
00642625
00643012
00643360
00643526
00643842
00644506
00645095
00645517
00645849
00646245
00646421
00646959
00647545
00648287
00648784
00649362
00649755
00650562
00650971
00651424
00651712
00652531
00652753
00653029
00653334
00653795
00654067
00654618
00655056
00655177
00655710
00655905
00656262
00656646
00656989
00657223
00657518
00657637
00657776
00658239
00658509
00659139
00659557
00659805
00660221
00660559
00660988
00661388
00661617
00661843
00662570
00662817
00663124
00663231
00663573
00664036
00664431
00664728
00664956
00665037
00665243
00665660
00666016
00666364
00666785
00668022
00668602
00668886
00669437
00669602
00670231
00670424
00670561
00671091
00671936
00672359
00672654
00673267
00673533
00673932
00674191
00674295
00674519
00674680
00675375
00675534
00675644
00676005
00676155
00676415
00676870
00677220
00677470
00678097
00678476
00678736
00678984
00679121
00679700
00680229
00680610
00680971
00681273
00681587
00681780
00681891
00682047
00682120
00682184
00682244
00682502
00683102
00683368
00683668
00683940
00684128
00684667
00684940
00685293
00685440
00685519
00685625
00685822
00685879
00685905
00685998
00686401
00686715
00687026
00687565
00688097
00688552
00688722
00688924
00689084
00689607
00689799
00690550
00691169
00691709
00692038
00692496
00692913
00693407
00693866
00694094
00695007
00695186
00695414
00695720
00695963
00696376
00696523
00696874
00697118
00697433
00697554
00698017
00698428
00698951
00699314
00699759
00699938
00700161
00701017
00701786
00702192
00702490
00702772
00702855
00702979
00703261
00703679
00703975
00704423
00704765
00705006
00705252
00705420
00705845
00706563
00706893
00707577
00707997
00708192
00708503
00708962
00709451
00709782
00710421
00710693
00711002
00711331
00711798
00712087
00712273
00712640
00713048
00713368
00713750
00714335
00714520
00714645
00714860
00715118
00715491
00715745
00716018
00716296
00716846
00717366
00717620
00717944
00718099
00718359
00718533
00718822
00719225
00719345
00719706
00719956
00720121
00720782
00721114
00721229
00721542
00721706
00722073
00722274
00722733
00722902
00723164
00723373
00723843
00724164
00724378
00724708
00725223
00725577
00726130
00726274
00726507
00727434
00727695
00727854
00727913
00728003
00728163
00728686
00729008
00729546
00729823
00730030
00730636
00731060
00731448
00731766
00732186
00732336
00732597
00732819
00733394
00733955
00734193
00734497
00735086
00735186
00735365
00735600
00735732
00735809
00736035
00736509
00736846
00737133
00737339
00737536
00737967
00738253
00738306
00738363
00738419
00738564
00738674
00738744
00738783
00738827
00738867
00739001
00739118
00739197
00739457
00739586
00739948
00740299
00740561
00740882
00741340
00741583
00741849
00741997
00742192
00742350
00742409
00742540
00742755
00742982
00743081
00743417
00743839
00744204
00744790
00745007
00745376
00745654
00746088
00746452
00746602
00746837
00746987
00747318
00748117
00748295
00748338
00748645
00749029
00749165
00749414
00749590
00749786
00750082
00750551
00750790
00751409
00751880
00752475
00753094
00753726
00754383
00754856
00755248
00755560
00756213
00756328
00756689
00757135
00757521
00757737
00757872
00758197
00758580
00759183
00759363
00759450
00759526
00759868
00760584
00761117
00761554
00761790
00762088
00762349
00762814
00763070
00763321
00763642
00763959
00764316
00764637
00764943
00765179
00765555
00765746
00766039
00766291
00766644
00767251
00767575
00767923
00768323
00768582
00769295
00769659
00769916
00770200
00770727
00771065
00771555
00772019
00772200
00772538
00772859
00773007
00773387
00773639
00774216
00774719
00775504
00775805
00776828
00776906
00777193
00777451
00778037
00778539
00778899
00779201
00779314
00779400
00779539
00780005
00780399
00780654
00780967
00781419
00781768
00782322
00782922
00783307
00783507
00783660
00783940
00784291
00784786
00784841
00785098
00785361
00785739
00785995
00786399
00786987
00787216
00787395
00787597
00787655
00787960
00788217
00788402
00788796
00789075
00789381
00789725
00789980
00790251
00790414
00790627
00790767
00791051
00791166
00791277
00791387
00791623
00791957
00792305
00792849
00793145
00793538
00793742
00794116
00794364
00794641
00795065
00795275
00795739
00796203
00796573
00796840
00797264
00797500
00797803
00798216
00798638
00799016
00799362
00799853
00800383
00800634
00800950
00801081
00801282
00801518
00802063
00802516
00803092
00803359
00803505
00804010
00804286
00804957
00805421
00806147
00806751
00806920
00807288
00807676
00807956
00808248
00808498
00808801
00809175
00809674
00809845
00810666
00810923
00811250
00811473
00811732
00812040
00812528
00812855
00813697
00814178
00814407
00814670
00814839
00815332
00815911
00816454
00816714
00816925
00817426
00818091
00818526
00818931
00819490
00820186
00820616
00821042
00821599
00821681
00822304
00822786
00823546
00823838
00824041
00824341
00824776
00825055
00825465
00825805
00825973
00826233
00826494
00827163
00827519
00827947
00828358
00828717
00829232
00829915
00830899
00831311
00831712
00832153
00832518
00832966
00833792
00834236
00834756
00835268
00836078
00836689
00836899
00837268
00837579
00837974
00838243
00838876
00839377
00839861
00840263
00840844
00841117
00841491
00841956
00842825
00843638
00844524
00844951
00845144
00845566
00846194
00846653
00847000
00847358
00847668
00848174
00848490
00848920
00849977
00850249
00850808
00851078
00851336
00851596
00851822
00852171
00852528
00852793
00853066
00853393
00854035
00854333
00854989
00855524
00855745
00856371
00856719
00857332
00857802
00858910
00859260
00859612
00860186
00860489
00860694
00861389
00861804
00861920
00862121
00862695
00863165
00863585
00863915
00864295
00864573
00864849
00865453
00865816
00866332
00866507
00866819
00867175
00867684
00868182
00868506
00868831
00869395
00869964
00870555
00871113
00872051
00872607
00872915
00873270
00873545
00873981
00874485
00874810
00875116
00875430
00876440
00876770
00877226
00877385
00877685
00878124
00878348
00878662
00879119
00879695
00879872
00880355
00880659
00880912
00881269
00881726
00881957
00882578
00882976
00883228
00883885
00884429
00884696
00885113
00885956
00886267
00886685
00887445
00887997
00888735
00889580
00889880
00890400
00890552
00891154
00891461
00892004
00892610
00892878
00893247
00893517
00893669
00894010
00894422
00894953
00895025
00895512
00896114
00896535
00896674
00896963
00897221
00897494
00897853
00898250
00898697
00899207
00899785
00900245
00900586
00900785
00901036
00901476
00901914
00902348
00902705
00903366
00903896
00904135
00904649
00904848
00905231
00905890
00906153
00906564
00906864
00907179
00907565
00907948
00908631
00909110
00909648
00910047
00910325
00910646
00911232
00911766
00912227
00912958
00913256
00913795
00914016
00914688
00915376
00915896
00917136
00917487
00918036
00918639
00918791
00919138
00919920
00920202
00920597
00920923
00921308
00921806
00922056
00922336
00922981
00923482
00923845
00924208
00924802
00925101
00925422
00926037
00926472
00926742
00927187
00927572
00928067
00928465
00929073
00929719
00930139
00930708
00931038
00931367
00932097
00932699
00933355
00933823
00934363
00934721
00934914
00935096
00936341
00936778
00937155
00937405
00938149
00938613
00939233
00939633
00940046
00940602
00941244
00941676
00942259
00942610
00942987
00943272
00943942
00944533
00944760
00945005
00945224
00945752
00946041
00946347
00946766
00947411
00948149
00948332
00948849
00949224
00949722
00950275
00950743
00951269
00951538
00951910
00952067
00952592
00952995
00953379
00953702
00954338
00954996
00955432
00955915
00956182
00956968
00957465
00957915
00958454
00959224
00959611
00960067
00960573
00961264
00962027
00962553
00963002
00963403
00963725
00964419
00964806
00965382
00965602
00966091
00966470
00966911
00967497
00967749
00968287
00968765
00969178
00969670
00970372
00970889
00971294
00971985
00972843
00973155
00973536
00974245
00974804
00975257
00975820
00976331
00976629
00976964
00977592
00978095
00978743
00979277
00980185
00980517
00981096
00981633
00982281
00983085
00983450
00983956
00984248
00984609
00985011
00985344
00985775
00986222
00986548
00987057
00987622
00987900
00988540
00989532
00990236
00990926
00990966
00991087
00992129
00993143
00993184
00993518
00993963
00994381
00995119
00995536
00996351
00996730
00997019
00997598
00997959
00998927
00999799
00010156
00017468
00022152
00024815
00029294
00033173
00038141
00044448
00049185
00053378
00056956
00061231
00064445
00071712
00076583
00080982
00087229
00093621
00096688
00099463
00103711
00107381
00113029
00116436
00121089
00126051
00130818
00135726
00137197
00140815
00142969
00151336
00159056
00165440
00172956
00176858
00180741
00186412
00192513
00197713
00203583
00213292
00219043
00222338
00226263
00230601
00232966
00238015
00241779
00244486
00247875
00252201
00257627
00262429
00264043
00267673
00270886
00272500
00272882
00275847
00279635
00282143
00284182
00285736
00288377
00291261
00294356
00299041
00301986
00306498
00307644
00308608
00310976
00313624
00319325
00321219
00322886
00327541
00330992
00335132
00340018
00344592
00347353
00351408
00353664
00356278
00359060
00361420
00362836
00366330
00371589
00378414
00382045
00386546
00389408
00393867
00399215
00405073
00411078
00416395
00418996
00419790
00421930
00424814
00427513
00435141
00440053
00445339
00452043
00457865
00460745
00462215
00466319
00469866
00472922
00477801
00481985
00487004
00490463
00495412
00497336
00500616
00505499
00508741
00514618
00518747
00523656
00527786
00530311
00532356
00536582
00539976
00543536
00549552
00556301
00559960
00563879
00567714
00572057
00578944
00583135
00586705
00590482
00595253
00600162
00604074
00607585
00613790
00615898
00618737
00625681
00630616
00633758
00636867
00640858
00646373
00652846
00657897
00663362
00669454
00674404
00681181
00682821
00685652
00687627
00691010
00698040
00703220
00707842
00713760
00718258
00721318
00724386
00729818
00735838
00738372
00740301
00744114
00748725
00752200
00758717
00763326
00768703
00772386
00776913
00781860
00785523
00787630
00790760
00793901
00798703
00806878
00810916
00817401
00826488
00833654
00845296
00851763
00862824
00868891
00875922
00879064
00885947
00893212
00899803
00909080
00914538
00919108
00924430
00933492
00938923
00944318
00952449
00959865
00964953
00976275
00983173
00989653
00994455
00998920
