00002718
00010085
00016984
00021937
00027537
00035212
00042483
00045203
00053073
00062927
00068130
00077546
00083431
00092294
00101718
00107660
00117915
00126894
00135330
00141708
00147871
00155026
00161733
00170653
00181099
00188449
00195595
00204424
00209228
00217119
00219954
00224142
00230879
00234412
00238233
00241570
00246846
00256712
00263565
00269476
00272574
00275019
00280470
00284002
00289780
00294696
00299705
00304236
00307330
00309537
00314041
00319479
00322807
00327812
00333069
00339481
00348381
00353694
00358741
00360415
00367053
00373165
00379437
00386883
00396694
00410674
00417177
00421872
00425515
00433838
00440989
00453108
00460356
00465885
00472622
00477826
00482647
00488661
00493689
00499288
00503196
00508268
00514734
00518919
00525366
00529876
00533990
00537718
00541860
00549421
00554958
00564141
00571237
00577370
00588478
00600126
00605943
00609396
00615912
00623609
00631282
00636638
00642249
00653023
00658428
00666695
00675295
00683079
00688915
00696611
00702066
00705082
00711346
00718514
00728512
00735988
00739986
00742989
00748724
00756641
00764264
00773122
00779330
00785757
00789978
00795772
00801112
00811277
00818947
00826132
00834544
00839921
00846213
00856678
00863328
00872412
00879286
00883529
00894572
00904465
00913098
00921632
00930298
00938299
00944598
00954749
00962067
00969037
00976541
00981706
00988566
00997324
00000711
00001164
00001541
00002090
00002530
00003143
00003676
00004064
00004423
00005044
00005338
00005670
00006302
00006625
00007093
00007314
00007848
00008378
00008950
00009308
00009843
00010185
00010521
00010719
00011524
00012081
00012425
00013012
00013630
00014200
00014759
00015055
00015288
00015640
00015778
00016226
00016629
00016944
00017062
00017088
00017121
00017151
00017270
00017310
00017371
00017461
00017803
00018438
00019743
00020351
00020459
00020915
00021034
00021156
00021523
00021762
00021939
00022040
00022098
00022190
00022462
00022634
00022789
00022850
00023375
00024024
00024549
00024858
00025122
00025388
00025812
00026029
00026378
00026620
00026683
00026790
00026840
00026994
00027236
00027484
00027929
00028287
00028961
00029246
00029596
00029813
00030092
00030526
00030933
00031042
00031238
00031437
00032047
00032383
00032923
00033096
00033418
00033686
00034006
00034268
00034506
00034983
00035116
00035204
00035379
00035540
00035910
00036299
00036387
00036568
00037032
00037161
00037560
00038270
00038582
00039155
00039331
00039590
00039767
00039955
00040334
00040939
00041354
00041900
00042174
00042424
00042593
00043101
00043582
00044127
00044451
00044801
00045131
00045607
00045964
00046556
00047063
00047308
00047582
00047993
00048094
00048842
00049063
00049904
00050187
00050371
00050602
00050882
00051133
00051459
00051615
00052105
00052693
00053037
00053360
00053576
00053732
00054069
00054366
00054639
00055059
00055894
00056032
00056428
00056866
00057022
00057350
00057778
00058161
00058691
00058891
00059129
00059344
00059502
00059744
00060057
00060296
00060816
00061302
00061591
00061990
00062379
00062934
00063403
00063769
00064139
00064252
00064446
00064683
00065078
00065403
00065734
00066137
00066703
00066895
00067147
00067315
00067528
00067872
00068282
00068405
00068834
00069177
00069699
00070302
00070768
00071400
00071582
00071749
00072054
00072466
00072982
00073357
00074060
00074549
00074865
00075468
00075887
00076271
00076718
00077522
00077657
00077687
00078251
00078557
00078907
00079325
00079452
00079722
00079938
00080638
00080838
00081095
00081412
00081623
00082026
00082257
00082563
00082890
00083092
00083542
00084147
00084479
00084857
00085175
00086230
00086663
00086813
00087193
00087519
00087612
00087912
00088303
00088882
00089280
00089519
00090219
00090762
00090916
00091139
00091601
00091754
00092362
00092594
00092975
00093544
00093896
00094133
00094435
00094605
00095128
00095226
00095738
00096057
00096338
00096515
00096651
00096851
00097045
00097373
00097813
00098099
00098441
00098883
00099081
00099828
00100296
00100579
00100842
00101397
00101496
00101536
00101704
00101913
00102042
00102127
00102475
00102793
00103225
00103549
00103742
00103983
00104202
00104423
00104871
00105008
00105189
00105244
00105303
00105487
00106037
00106273
00107074
00107439
00107653
00108121
00108496
00108925
00109194
00109477
00109744
00110141
00110446
00110893
00111446
00111806
00112203
00112553
00113209
00113666
00114105
00114463
00114833
00114956
00115255
00115741
00115926
00116214
00116586
00116744
00117036
00117338
00117673
00117878
00118233
00118759
00119246
00119481
00119582
00119796
00119979
00120412
00120796
00121127
00121553
00122026
00122664
00123268
00123627
00123825
00124257
00124737
00125087
00125434
00125919
00126075
00126206
00126372
00126749
00126980
00127256
00127494
00128003
00128284
00128817
00129098
00129549
00130546
00130633
00130792
00131084
00131436
00131789
00132162
00132324
00132513
00132812
00133123
00133500
00133861
00134054
00134454
00134633
00135075
00135202
00135353
00135653
00135980
00136580
00136892
00136936
00137021
00137198
00137440
00137761
00138372
00138817
00138905
00139367
00139582
00139978
00140269
00140777
00141167
00141311
00141421
00141503
00141963
00142431
00142801
00143283
00143869
00144162
00144554
00144853
00145380
00145630
00145965
00146333
00146730
00146988
00147432
00147676
00148046
00150474
00150590
00150828
00150949
00152408
00152584
00152834
00153325
00153734
00154088
00154645
00155157
00155752
00156108
00157066
00157489
00157866
00158438
00158944
00159320
00159715
00160294
00160819
00161135
00161310
00161485
00161668
00161972
00162249
00162598
00162938
00163318
00163615
00163982
00164392
00164688
00165213
00165520
00165889
00166226
00166444
00166751
00167068
00167414
00167835
00168252
00168397
00169094
00169389
00169883
00170344
00170834
00171347
00171703
00172061
00172559
00172907
00173223
00173652
00173996
00174213
00174487
00174653
00174916
00175214
00175474
00175790
00175958
00176388
00176654
00176757
00177115
00177482
00177713
00177994
00178084
00178582
00178980
00179191
00179428
00179746
00179986
00180435
00180837
00181724
00181961
00182338
00182536
00182731
00182926
00183091
00183259
00183659
00183930
00184086
00184447
00184775
00185149
00185423
00186023
00186336
00186831
00187197
00187380
00187593
00188186
00188861
00189201
00189283
00189767
00190277
00190860
00191116
00191321
00191703
00192102
00192630
00193120
00193450
00193694
00194364
00194733
00195069
00195678
00196025
00196431
00196659
00197181
00197490
00197841
00198400
00198751
00198943
00199271
00199747
00200107
00200319
00200578
00200893
00201256
00201640
00202155
00202766
00203178
00203771
00204236
00204571
00205341
00205591
00205882
00206411
00206869
00207327
00207900
00208274
00208398
00208774
00209160
00209417
00210215
00210456
00210765
00210990
00211435
00212094
00212478
00212866
00213332
00213716
00214134
00214317
00214764
00215339
00215706
00215824
00216254
00216416
00216973
00217345
00217611
00217857
00218185
00218359
00218533
00218787
00218921
00219049
00219373
00219720
00219869
00219893
00219926
00220369
00220616
00220857
00220950
00221010
00221096
00221408
00221718
00221935
00221973
00222173
00222415
00222600
00222984
00223175
00223508
00223648
00223826
00224000
00224339
00224633
00224879
00225530
00226165
00226280
00226545
00226950
00227248
00227417
00227567
00227647
00227745
00228066
00228322
00228814
00229345
00229601
00229876
00230309
00230514
00230727
00231045
00231163
00231419
00231561
00231796
00231905
00231935
00232008
00232121
00232468
00232608
00232750
00232783
00232903
00233123
00233597
00234097
00234452
00234612
00234895
00235251
00235933
00236039
00236274
00236537
00236885
00237314
00237621
00237883
00238112
00238294
00238600
00238881
00239003
00239466
00239685
00239995
00240191
00240591
00240968
00241205
00241324
00241617
00241780
00242121
00242596
00242957
00243108
00243280
00243668
00244019
00244354
00244586
00244810
00245395
00245738
00245905
00246047
00246410
00246931
00247029
00247277
00247524
00247931
00248514
00248871
00249246
00249349
00249506
00249781
00250298
00250556
00250903
00251371
00251805
00252026
00252258
00252514
00252831
00253197
00254165
00254506
00254870
00255095
00255600
00255806
00256251
00256583
00256676
00257245
00257608
00257719
00258080
00258503
00258733
00259033
00259382
00259608
00259901
00260241
00260670
00261145
00261303
00261840
00262242
00262435
00262667
00262745
00262908
00263077
00263277
00263553
00263592
00263902
00263962
00263997
00264068
00264369
00264598
00264692
00264721
00264977
00265566
00265858
00266247
00266362
00266483
00266714
00267155
00267615
00267746
00268027
00268162
00268398
00269305
00269648
00270198
00270415
00270685
00270774
00270801
00270826
00270853
00270883
00270948
00271013
00271110
00271156
00271184
00271219
00271329
00271429
00272045
00272135
00272428
00272538
00272576
00272613
00272662
00272764
00272805
00272857
00272904
00273122
00273216
00273470
00273742
00274175
00274446
00274492
00274587
00274886
00275157
00275413
00275449
00275831
00276106
00276242
00276617
00276911
00277274
00277506
00277854
00277934
00278267
00278666
00279064
00279301
00279544
00279767
00279806
00279994
00280111
00280211
00280354
00280429
00280530
00280625
00280929
00281183
00281341
00281784
00281869
00282070
00282180
00282453
00282847
00283510
00283949
00284108
00284217
00284272
00284404
00284648
00284830
00284848
00284908
00285065
00285309
00285601
00285732
00285775
00285965
00286250
00286380
00287134
00287493
00287805
00288007
00288495
00288640
00288916
00289474
00289794
00290034
00290281
00290486
00290709
00290964
00291285
00291726
00292116
00292228
00292692
00293142
00293474
00293838
00294162
00294293
00294744
00295098
00295525
00295910
00296043
00296140
00296579
00296915
00297009
00297292
00297396
00297668
00297915
00298042
00298472
00298830
00298984
00299148
00299434
00299789
00299972
00300219
00300536
00300680
00300999
00301326
00301433
00301624
00301984
00302201
00302464
00302803
00303182
00303508
00303731
00304097
00304500
00304848
00305203
00305422
00305558
00305901
00306182
00306401
00306508
00306554
00306650
00306970
00307126
00307231
00307253
00307288
00307335
00307659
00307694
00307740
00307820
00307875
00308112
00308238
00308294
00308416
00308472
00308580
00308828
00309113
00309280
00309527
00309726
00310044
00310304
00310643
00310897
00311104
00311307
00311473
00312114
00312354
00312661
00312739
00312983
00313115
00313331
00313404
00313478
00313534
00313614
00313893
00314019
00314297
00314778
00315008
00315449
00316155
00316525
00316892
00317184
00317525
00317695
00317825
00318214
00318728
00319075
00319326
00319393
00319506
00319599
00319746
00319866
00320111
00320381
00320771
00320821
00321029
00321082
00321179
00321366
00321478
00321532
00321644
00321895
00322079
00322303
00322550
00322875
00323074
00323262
00323388
00323529
00323834
00324053
00324464
00324877
00325521
00325851
00326312
00326516
00326870
00327423
00327622
00327730
00328051
00328276
00328637
00329166
00329289
00329781
00330280
00330770
00330911
00331118
00331542
00332063
00332231
00332492
00332847
00333154
00333514
00333802
00334290
00334603
00335146
00335373
00335771
00335978
00336344
00336468
00336776
00336944
00337379
00337969
00338220
00338665
00339067
00339508
00339777
00339877
00340180
00340558
00340883
00341317
00341699
00342155
00342684
00342770
00342883
00342951
00342983
00343015
00343291
00343791
00344184
00344550
00344968
00345113
00345292
00345667
00346189
00346564
00347123
00347412
00347658
00348163
00348789
00349042
00349447
00349924
00350024
00350300
00350598
00351005
00351362
00351508
00351703
00351871
00352100
00352178
00352370
00352595
00352754
00353192
00353563
00353605
00353623
00353660
00353695
00353896
00354052
00354748
00355082
00355233
00355784
00356199
00356363
00356486
00356658
00356837
00356963
00357151
00357531
00357978
00358507
00358982
00359109
00359144
00359197
00359434
00359690
00359780
00359843
00359873
00359903
00360132
00360458
00360698
00361034
00361310
00361385
00361539
00361584
00361887
00362060
00362339
00362863
00363264
00363805
00364284
00364505
00365099
00365453
00365588
00366182
00366327
00366466
00366663
00367027
00367138
00367428
00367980
00368421
00368758
00368967
00369093
00369779
00370260
00370755
00371035
00371509
00371593
00371734
00372348
00372888
00373160
00373330
00373518
00374127
00374537
00375004
00375459
00375704
00375803
00376021
00377716
00378358
00378411
00378815
00379195
00379776
00380054
00380581
00380943
00381168
00381885
00382083
00382417
00382474
00382757
00383020
00383935
00384225
00384587
00384760
00385173
00385388
00385588
00385954
00386522
00386792
00386968
00387189
00387483
00387874
00388433
00388853
00389218
00389375
00389568
00389950
00390125
00390406
00390809
00391371
00392269
00392436
00392945
00393385
00394005
00394427
00394788
00395293
00395933
00396078
00396615
00396777
00396936
00397522
00397847
00398431
00398993
00399436
00399696
00400167
00400665
00401377
00401875
00402328
00402828
00403026
00403374
00403939
00404543
00404771
00405221
00405525
00405846
00406214
00406786
00407195
00407661
00408288
00408583
00409429
00409754
00409991
00410275
00410596
00410981
00411199
00411530
00411897
00412322
00412768
00413053
00413673
00414207
00414904
00415481
00415786
00416342
00416732
00417059
00417524
00417855
00418338
00418672
00418789
00418838
00418885
00418979
00419041
00419210
00419337
00419392
00419437
00419706
00420016
00420459
00420930
00421274
00421490
00421666
00421737
00421838
00421918
00421992
00422151
00422198
00422273
00422324
00422391
00422625
00422928
00423461
00423726
00424286
00424449
00424777
00425004
00425163
00425391
00425640
00426202
00426895
00427131
00427412
00427559
00428016
00428634
00428837
00429521
00430015
00430501
00430759
00431177
00431933
00431986
00432308
00432600
00433080
00433594
00433790
00434275
00434531
00434826
00434960
00435142
00435756
00436334
00436664
00436697
00436913
00437164
00437575
00437844
00438103
00438448
00438738
00439004
00439436
00439905
00440272
00440384
00440586
00440756
00441380
00441780
00442267
00442561
00442807
00443108
00443245
00443522
00444185
00444578
00444973
00445180
00445726
00446291
00446638
00446988
00447678
00447810
00447909
00448280
00448641
00448903
00449538
00450192
00450680
00451534
00452048
00452689
00453101
00453833
00454227
00454636
00454804
00455182
00455446
00455622
00456108
00456446
00456575
00456754
00457335
00457584
00457895
00458158
00458851
00459347
00459804
00460063
00460332
00460641
00460933
00461346
00461671
00461812
00461959
00462308
00463110
00463428
00463691
00463953
00464372
00464636
00465126
00465663
00465917
00466221
00466523
00466887
00467327
00467627
00467900
00468485
00468756
00469351
00469626
00469992
00470062
00470426
00470708
00471030
00471161
00471687
00472493
00472639
00472840
00473038
00473332
00473455
00473714
00474071
00474386
00474787
00475085
00475387
00475602
00476257
00476760
00477183
00477643
00477953
00478149
00478268
00478428
00478705
00478982
00479418
00479674
00479857
00480243
00480615
00480868
00481258
00481377
00481672
00482099
00482478
00482732
00483238
00483590
00484065
00484451
00484824
00485255
00485815
00486102
00486289
00486457
00486591
00486684
00486954
00487091
00487265
00487469
00487769
00488281
00488709
00488974
00489161
00489204
00489506
00489698
00489733
00490377
00491191
00491621
00492382
00492633
00492820
00492985
00493162
00493352
00493485
00493725
00493956
00494154
00494369
00494609
00495075
00495370
00495820
00496159
00496445
00496483
00496604
00496853
00497031
00497343
00497704
00498305
00498836
00499053
00499383
00499829
00499893
00500073
00500250
00500339
00500541
00500633
00500794
00500935
00501399
00501722
00502557
00503045
00503416
00503751
00504087
00504552
00505049
00505460
00505821
00506087
00506814
00507086
00507177
00507501
00507691
00507827
00508006
00508244
00508512
00508763
00509166
00509839
00510120
00510559
00510680
00510894
00511032
00511143
00511348
00511656
00511930
00512421
00512643
00513043
00513644
00513987
00514405
00514565
00514738
00514825
00515209
00515423
00515991
00516196
00516444
00516803
00517106
00517272
00517409
00517749
00517926
00518293
00518612
00518834
00518970
00519077
00519144
00519311
00519480
00519610
00519879
00520215
00520420
00520671
00520861
00520968
00521301
00521749
00522012
00522207
00522489
00522807
00523068
00523377
00523784
00523910
00524480
00524803
00525354
00525709
00526046
00526436
00526851
00527183
00527367
00527497
00527572
00527619
00527776
00528283
00528937
00529159
00529480
00529853
00529927
00529974
00530059
00530225
00530281
00530343
00530395
00530460
00530517
00530570
00530621
00530843
00531207
00531389
00531603
00531818
00532146
00532558
00532768
00533169
00533284
00533489
00533905
00534229
00534622
00534850
00535184
00535367
00535569
00535764
00536040
00536450
00536774
00536939
00537051
00537418
00537505
00537567
00537847
00538308
00538567
00538754
00539243
00539526
00539944
00540239
00540332
00540519
00540655
00540771
00540809
00541156
00541620
00542052
00542274
00542736
00542940
00543431
00544431
00544750
00545155
00545718
00546078
00546346
00546692
00547189
00547730
00548254
00548668
00548951
00549252
00549673
00550005
00550821
00551141
00551430
00552150
00552425
00552835
00553361
00553882
00554151
00554454
00554594
00554854
00555400
00555653
00555898
00556245
00556637
00557427
00557597
00557776
00557994
00558287
00558659
00558857
00559236
00560009
00560436
00560647
00560848
00561137
00561263
00561388
00561814
00562033
00562191
00562529
00563447
00563875
00564314
00564631
00565054
00565611
00565979
00566288
00566719
00566936
00567356
00567628
00567871
00568187
00568429
00568593
00568820
00569037
00569127
00569496
00569629
00569871
00570222
00570538
00570921
00571309
00571492
00571596
00571892
00572077
00572232
00572441
00572717
00573084
00573414
00573625
00573920
00574156
00574508
00575077
00575515
00575696
00575858
00576429
00576753
00577112
00577309
00577597
00578177
00578293
00578933
00579197
00579454
00579875
00579959
00580180
00580466
00580722
00581122
00581237
00581385
00581705
00582099
00582354
00582583
00582804
00583115
00583386
00583692
00583950
00584262
00584464
00585052
00585458
00585760
00586388
00586685
00587052
00587460
00587800
00588116
00588346
00588553
00588931
00589081
00589666
00589975
00590121
00590378
00590575
00590847
00591184
00592063
00592317
00592597
00592960
00593170
00593682
00593892
00594137
00594361
00594764
00595147
00595317
00595789
00596040
00596368
00596656
00596779
00596983
00597866
00598200
00598705
00599466
00599777
00600245
00600457
00600735
00601006
00601230
00601379
00601644
00601993
00602216
00602386
00602766
00602895
00603198
00603909
00604076
00604316
00604598
00605148
00605745
00605947
00606191
00606542
00606790
00607185
00607397
00607795
00607929
00608182
00608615
00608778
00609176
00610084
00610542
00610697
00611109
00611333
00611623
00611835
00611895
00611943
00612377
00612765
00613163
00613342
00613481
00613728
00613850
00613906
00613987
00614129
00614548
00614723
00614801
00615052
00615300
00615679
00615985
00616186
00616661
00616986
00617257
00617481
00617707
00617967
00618330
00618630
00618801
00619326
00619430
00619686
00620147
00620277
00620425
00620753
00621078
00621377
00621654
00622260
00622358
00623017
00623554
00623899
00624134
00624426
00624721
00625026
00625242
00625534
00625684
00626123
00626707
00627326
00627677
00628314
00628715
00629221
00629604
00629923
00630476
00630778
00631099
00631566
00632050
00632251
00632631
00633169
00633463
00633847
00634233
00634584
00634788
00634894
00635247
00635592
00635713
00635948
00636439
00636777
00637024
00637406
00637476
00637604
00637851
00638127
00638391
00638699
00638891
00639409
00639888
00640131
00640548
00640707
00641104
00641521
00641887
00642192
00642528
00642844
00643240
00643466
00643766
00644332
00644989
00645485
00645770
00646129
00646415
00646917
00647212
00648238
00648475
00649352
00649627
00650556
00650795
00651237
00651630
00652457
00652724
00652802
00653208
00653715
00654018
00654605
00655007
00655170
00655698
00655794
00656207
00656593
00656938
00657129
00657470
00657616
00657771
00658167
00658365
00659060
00659360
00659769
00660208
00660399
00660810
00661200
00661599
00661780
00662286
00662731
00663093
00663208
00663399
00663885
00664340
00664673
00664888
00665024
00665171
00665633
00665818
00666228
00666767
00667130
00668534
00668871
00669246
00669575
00670034
00670417
00670478
00671034
00671458
00672291
00672563
00673038
00673500
00673862
00674110
00674241
00674478
00674580
00675250
00675503
00675609
00675902
00676101
00676366
00676823
00677067
00677409
00677889
00678384
00678584
00678880
00679111
00679584
00680131
00680475
00680921
00681178
00681553
00681754
00681864
00682023
00682112
00682170
00682237
00682389
00683080
00683310
00683639
00683862
00684090
00684575
00684935
00685278
00685416
00685506
00685607
00685698
00685871
00685901
00685955
00686280
00686690
00687012
00687122
00687870
00688518
00688698
00688901
00689046
00689548
00689692
00690203
00691136
00691483
00692001
00692453
00692654
00693351
00693683
00694022
00694937
00695152
00695358
00695699
00695950
00696253
00696482
00696845
00696953
00697344
00697507
00697983
00698368
00698886
00699256
00699445
00699909
00700108
00700751
00701587
00702140
00702480
00702765
00702834
00702903
00703203
00703563
00703932
00704258
00704631
00704969
00705245
00705377
00705738
00706085
00706827
00707354
00707992
00708052
00708484
00708821
00709285
00709613
00710156
00710645
00710948
00711262
00711606
00712034
00712195
00712593
00712881
00713308
00713664
00714291
00714511
00714593
00714759
00715007
00715320
00715619
00715952
00716168
00716723
00717209
00717565
00717909
00718078
00718332
00718459
00718766
00719146
00719332
00719609
00719861
00720070
00720357
00721072
00721193
00721450
00721661
00722008
00722207
00722689
00722865
00723016
00723340
00723752
00724048
00724260
00724636
00724968
00725541
00725849
00726191
00726466
00727245
00727629
00727846
00727906
00727939
00728139
00728632
00728899
00729445
00729705
00729996
00730439
00730995
00731374
00731706
00732158
00732300
00732505
00732813
00733240
00733881
00734100
00734441
00735012
00735165
00735295
00735484
00735703
00735805
00735892
00736382
00736838
00737072
00737313
00737475
00737759
00738137
00738301
00738349
00738410
00738508
00738645
00738737
00738778
00738817
00738849
00738967
00739093
00739177
00739363
00739535
00739795
00740154
00740556
00740876
00741142
00741417
00741773
00741935
00742179
00742336
00742395
00742492
00742747
00742907
00743035
00743344
00743708
00744102
00744566
00744958
00745307
00745626
00745920
00746275
00746585
00746793
00746954
00747124
00747653
00748286
00748314
00748543
00748934
00749153
00749315
00749561
00749769
00750011
00750359
00750730
00751208
00751662
00752407
00752969
00753506
00754191
00754734
00755182
00755493
00755995
00756279
00756611
00756993
00757467
00757650
00757828
00758147
00758526
00759008
00759341
00759431
00759508
00759807
00760443
00761110
00761301
00761696
00762016
00762262
00762725
00762992
00763302
00763588
00763820
00764254
00764558
00764893
00765108
00765523
00765708
00765948
00766218
00766580
00766985
00767449
00767913
00768302
00768485
00769021
00769556
00769877
00770154
00770552
00771003
00771259
00771983
00772156
00772433
00772645
00772997
00773212
00773548
00773942
00774652
00775272
00775698
00776331
00776856
00777093
00777387
00777660
00778447
00778856
00779171
00779301
00779386
00779419
00779942
00780368
00780648
00780863
00781382
00781631
00782270
00782737
00783237
00783481
00783628
00783833
00784245
00784566
00784835
00785010
00785296
00785683
00785916
00786313
00786759
00787204
00787327
00787568
00787634
00787895
00788144
00788313
00788680
00788990
00789326
00789687
00789917
00790225
00790347
00790621
00790701
00790979
00791121
00791266
00791327
00791611
00791889
00792224
00792816
00793086
00793516
00793725
00794076
00794279
00794585
00795035
00795180
00795479
00795934
00796460
00796836
00797024
00797476
00797751
00797901
00798510
00798950
00799297
00799809
00800312
00800560
00800843
00801022
00801239
00801398
00801944
00802465
00802762
00803339
00803464
00803788
00804229
00804657
00805339
00805783
00806608
00806889
00807206
00807621
00807897
00808098
00808368
00808636
00808996
00809580
00809816
00810419
00810852
00811181
00811363
00811625
00811935
00812476
00812768
00813603
00814107
00814306
00814514
00814826
00815224
00815855
00816426
00816637
00816872
00817348
00817810
00818382
00818814
00819328
00819831
00820592
00820905
00821523
00821660
00822127
00822707
00823423
00823792
00824000
00824304
00824631
00825025
00825350
00825638
00825926
00826219
00826474
00826943
00827411
00827872
00828149
00828675
00829179
00829576
00830571
00831261
00831623
00832028
00832475
00832777
00833641
00834211
00834674
00834987
00835784
00836491
00836880
00837216
00837504
00837927
00838187
00838736
00839190
00839729
00840121
00840792
00841062
00841428
00841877
00842525
00843532
00844172
00844805
00845091
00845515
00845994
00846560
00846900
00847311
00847549
00848060
00848347
00848772
00849809
00850148
00850660
00851032
00851311
00851530
00851688
00852074
00852475
00852747
00853049
00853345
00853891
00854280
00854885
00855393
00855655
00856250
00856589
00857250
00857711
00858780
00859251
00859524
00860034
00860429
00860643
00861022
00861579
00861883
00862081
00862568
00863085
00863516
00863828
00864240
00864542
00864774
00865176
00865715
00866240
00866475
00866633
00867040
00867623
00868134
00868401
00868762
00869174
00869632
00870391
00870981
00871695
00872456
00872803
00873165
00873400
00873857
00874455
00874681
00874981
00875362
00876351
00876705
00877071
00877325
00877637
00877995
00878279
00878518
00878958
00879487
00879845
00880280
00880634
00880867
00881220
00881574
00881872
00882511
00882881
00883198
00883765
00884216
00884662
00884988
00885857
00886190
00886487
00887146
00887880
00888599
00889175
00889757
00890131
00890502
00891138
00891453
00891934
00892349
00892821
00893168
00893468
00893651
00893946
00894314
00894790
00895021
00895474
00896022
00896431
00896645
00896814
00897139
00897448
00897767
00898124
00898668
00899143
00899560
00900074
00900406
00900718
00900943
00901424
00901745
00902278
00902617
00903277
00903789
00904071
00904547
00904803
00905208
00905847
00906024
00906490
00906793
00907117
00907465
00907853
00908565
00909070
00909599
00910004
00910236
00910618
00910962
00911579
00912108
00912886
00913229
00913526
00913991
00914608
00915257
00915724
00916947
00917385
00917809
00918576
00918749
00919065
00919648
00920169
00920559
00920848
00921299
00921641
00921933
00922293
00922916
00923385
00923772
00924036
00924786
00925049
00925341
00925979
00926381
00926726
00927093
00927555
00928004
00928406
00928889
00929659
00929920
00930661
00930917
00931216
00932042
00932638
00933229
00933558
00934332
00934672
00934907
00935006
00936300
00936690
00936987
00937381
00937831
00938510
00939115
00939559
00939946
00940540
00941140
00941485
00942220
00942445
00942841
00943164
00943733
00944329
00944721
00944970
00945163
00945574
00945936
00946331
00946704
00947255
00947892
00948244
00948762
00949143
00949713
00950050
00950675
00951218
00951524
00951776
00951977
00952326
00952815
00953328
00953620
00954067
00954790
00955384
00955886
00956174
00956810
00957407
00957728
00958366
00959057
00959575
00959963
00960398
00961115
00961806
00962319
00962914
00963319
00963718
00964253
00964684
00965117
00965590
00965776
00966377
00966815
00967239
00967664
00968134
00968639
00969131
00969539
00970254
00970795
00971189
00971647
00972659
00973061
00973448
00974221
00974642
00975144
00975496
00976225
00976542
00976885
00977447
00978031
00978701
00979184
00979990
00980469
00980880
00981516
00981977
00982899
00983239
00983822
00984232
00984498
00984904
00985288
00985641
00986138
00986377
00986847
00987546
00987799
00988295
00989171
00989997
00990910
00990962
00991023
00991876
00992664
00993174
00993474
00993861
00994227
00995037
00995449
00995755
00996560
00996923
00997562
00997884
00998789
00999681
00007585
00017035
00021289
00024643
00028226
00032217
00036894
00043487
00048411
00052554
00056579
00060240
00063604
00070554
00075391
00079936
00085169
00091304
00096511
00098632
00102467
00106611
00111725
00115586
00120511
00124063
00130477
00134435
00137010
00138062
00141933
00150303
00156460
00163604
00170428
00175919
00179192
00184526
00190967
00196428
00201505
00211162
00218459
00221467
00225220
00230419
00232503
00237311
00241599
00243844
00247167
00250803
00256773
00262144
00263580
00266699
00270855
00271414
00272783
00274701
00278780
00281253
00283954
00285675
00287943
00290419
00293472
00298034
00301142
00305450
00307298
00307997
00309854
00313582
00318755
00321023
00322756
00325996
00329549
00332491
00338041
00343066
00346093
00350814
00352828
00355842
00357051
00361306
00362391
00365635
00370808
00375883
00381088
00385279
00388837
00392603
00397985
00404075
00409424
00413152
00418899
00419355
00421738
00422649
00426407
00433839
00439030
00443517
00450055
00456459
00459993
00461813
00465164
00468964
00471818
00476731
00481253
00486551
00489235
00494321
00496862
00499512
00504607
00507950
00513426
00517930
00520678
00527549
00530023
00531855
00535355
00539230
00541769
00548760
00555414
00558725
00562595
00566716
00570298
00576587
00582194
00586271
00589608
00594175
00598926
00602603
00606659
00612035
00615245
00618061
00624970
00628590
00633303
00636211
00640048
00645463
00652289
00656228
00662777
00668751
00673654
00680098
00682192
00685509
00685930
00689706
00696567
00702823
00707663
00710800
00717914
00720739
00723504
00728910
00734205
00737980
00739496
00742953
00748312
00750014
00757627
00762162
00767976
00772135
00776283
00780668
00784478
00787424
00789571
00792946
00796811
00804663
00810675
00816892
00824642
00831802
00843633
00851181
00860402
00867177
00873024
00877593
00884334
00891488
00898043
00907110
00912932
00918490
00923428
00930366
00937160
00943167
00950668
00958930
00963003
00973144
00981141
00988784
00993156
00998008
