00000093
00009051
00016271
00021067
00026379
00034102
00039769
00044738
00051852
00059898
00067190
00074812
00082689
00090799
00097388
00106978
00115681
00125735
00132202
00139443
00146912
00153634
00161286
00168422
00179685
00185431
00193895
00201504
00207354
00214920
00219388
00223640
00229197
00233034
00236865
00240380
00245479
00256362
00262126
00268230
00271410
00274483
00280150
00282768
00287456
00293717
00297893
00303363
00306910
00308437
00313607
00317942
00321574
00326127
00332418
00336446
00346830
00352272
00357129
00359456
00366331
00370730
00377676
00385241
00394372
00406716
00416460
00420707
00424673
00432451
00439642
00450000
00459368
00465216
00471159
00477268
00480996
00488382
00493653
00496840
00501998
00507173
00511349
00518536
00523885
00529140
00531770
00537417
00540858
00547057
00553493
00561733
00568719
00576154
00583958
00596090
00604592
00607573
00613986
00620646
00629874
00635610
00641212
00650560
00657465
00663723
00673775
00682122
00686400
00695311
00700697
00703263
00709506
00716072
00723439
00735677
00739173
00742348
00747180
00755610
00763292
00771844
00778197
00783559
00788449
00792996
00800809
00809579
00815836
00824556
00832249
00837823
00844913
00854213
00861494
00868604
00877648
00882328
00893660
00899793
00910961
00919659
00928617
00936303
00943295
00953994
00960070
00968251
00975325
00980946
00986512
00995116
00000418
00001010
00001503
00001971
00002407
00002958
00003519
00003954
00004334
00004965
00005316
00005568
00006007
00006546
00006889
00007254
00007808
00008277
00008905
00009249
00009722
00010086
00010471
00010680
00011414
00012035
00012238
00012939
00013476
00014160
00014604
00014946
00015270
00015599
00015731
00016111
00016450
00016895
00017023
00017082
00017114
00017144
00017183
00017299
00017366
00017455
00017648
00018265
00019731
00020085
00020413
00020864
00021018
00021098
00021468
00021661
00021910
00022000
00022088
00022170
00022334
00022620
00022715
00022839
00023019
00023798
00024441
00024780
00025016
00025294
00025698
00025934
00026322
00026583
00026658
00026774
00026825
00026914
00027155
00027437
00027863
00028266
00028919
00029149
00029550
00029766
00029972
00030406
00030893
00030982
00031173
00031355
00032034
00032263
00032761
00033025
00033257
00033626
00033952
00034248
00034430
00034933
00035105
00035195
00035355
00035495
00035844
00036275
00036345
00036488
00036868
00037135
00037421
00038036
00038529
00039046
00039266
00039558
00039762
00039904
00040175
00040859
00041291
00041750
00042128
00042338
00042566
00042976
00043506
00044064
00044391
00044733
00045101
00045378
00045904
00046421
00047053
00047261
00047512
00047878
00048050
00048662
00048968
00049678
00050090
00050315
00050514
00050850
00051123
00051453
00051564
00052046
00052464
00053015
00053282
00053572
00053661
00053961
00054310
00054574
00054908
00055723
00055993
00056398
00056684
00057005
00057249
00057642
00058152
00058543
00058828
00059094
00059330
00059445
00059685
00059932
00060249
00060698
00061286
00061529
00061973
00062323
00062862
00063332
00063763
00064039
00064245
00064406
00064608
00065065
00065347
00065623
00066058
00066635
00066836
00067122
00067253
00067493
00067741
00068186
00068389
00068714
00069052
00069579
00070166
00070642
00071313
00071538
00071664
00071990
00072413
00072929
00073225
00073994
00074493
00074814
00075058
00075839
00076242
00076612
00077456
00077652
00077681
00078067
00078397
00078662
00079252
00079422
00079645
00079873
00080543
00080774
00080985
00081372
00081563
00081989
00082238
00082355
00082733
00083079
00083437
00083968
00084369
00084807
00085031
00085496
00086487
00086778
00087003
00087332
00087607
00087815
00088179
00088758
00089227
00089365
00090115
00090624
00090876
00091063
00091447
00091699
00092278
00092543
00092956
00093409
00093853
00094114
00094280
00094598
00095074
00095209
00095578
00096028
00096318
00096450
00096612
00096768
00097025
00097344
00097694
00098047
00098324
00098872
00099036
00099749
00100217
00100518
00100781
00101387
00101450
00101525
00101627
00101878
00101994
00102116
00102463
00102677
00103141
00103430
00103673
00103959
00104129
00104377
00104661
00105000
00105152
00105235
00105293
00105471
00105964
00106190
00106924
00107238
00107542
00107953
00108473
00108808
00109075
00109404
00109708
00109973
00110380
00110715
00111391
00111743
00112115
00112469
00113024
00113520
00114000
00114434
00114784
00114899
00115170
00115685
00115915
00116122
00116437
00116677
00116869
00117259
00117589
00117818
00118199
00118580
00119164
00119450
00119566
00119701
00119939
00120350
00120686
00121066
00121360
00121982
00122485
00123192
00123521
00123761
00124062
00124517
00125051
00125310
00125900
00126058
00126158
00126354
00126599
00126901
00127202
00127474
00127873
00128248
00128767
00129042
00129389
00130523
00130585
00130777
00130896
00131401
00131743
00132113
00132285
00132501
00132641
00133082
00133443
00133737
00133957
00134396
00134615
00134947
00135189
00135311
00135620
00135888
00136552
00136736
00136924
00137001
00137087
00137270
00137702
00138270
00138783
00138894
00139297
00139576
00139819
00140136
00140750
00141151
00141304
00141411
00141477
00141924
00142366
00142760
00143095
00143805
00144114
00144368
00144717
00145304
00145561
00145923
00146247
00146571
00146979
00147311
00147567
00147956
00150366
00150553
00150720
00150906
00152233
00152543
00152820
00153095
00153681
00154036
00154487
00154953
00155544
00155951
00156978
00157306
00157815
00158372
00158877
00159231
00159576
00160146
00160788
00160936
00161291
00161436
00161627
00161848
00162170
00162555
00162854
00163228
00163568
00163849
00164330
00164536
00165068
00165483
00165820
00166182
00166417
00166695
00166994
00167331
00167587
00168028
00168346
00169007
00169371
00169873
00170220
00170683
00171200
00171606
00171973
00172447
00172802
00173123
00173627
00173885
00174150
00174425
00174577
00174870
00175035
00175455
00175698
00175930
00176158
00176610
00176716
00177036
00177436
00177662
00177981
00178068
00178542
00178841
00179180
00179393
00179686
00179965
00180284
00180817
00181357
00181899
00182240
00182511
00182670
00182864
00183006
00183211
00183450
00183870
00184080
00184376
00184702
00185096
00185374
00185708
00186262
00186777
00187115
00187319
00187550
00188169
00188740
00189197
00189238
00189580
00190176
00190791
00191070
00191236
00191550
00192015
00192482
00192813
00193417
00193680
00194112
00194537
00195024
00195581
00195996
00196369
00196539
00197169
00197481
00197791
00198161
00198588
00198921
00199133
00199649
00199969
00200309
00200453
00200838
00201098
00201539
00202007
00202674
00203043
00203487
00204159
00204437
00205157
00205569
00205789
00206198
00206819
00207264
00207831
00208225
00208370
00208494
00209113
00209379
00210130
00210336
00210682
00210915
00211368
00211886
00212385
00212735
00213308
00213586
00214095
00214306
00214710
00215331
00215597
00215801
00216112
00216338
00216782
00217318
00217555
00217761
00218061
00218351
00218458
00218781
00218906
00219044
00219210
00219703
00219862
00219888
00219911
00220294
00220597
00220805
00220922
00220999
00221078
00221349
00221642
00221892
00221961
00222141
00222381
00222578
00222837
00223105
00223412
00223614
00223776
00223966
00224275
00224510
00224865
00225518
00225722
00226270
00226404
00226848
00227210
00227367
00227559
00227621
00227696
00228030
00228241
00228645
00229272
00229582
00229721
00230181
00230502
00230703
00231005
00231101
00231357
00231546
00231722
00231897
00231930
00231998
00232062
00232422
00232602
00232741
00232778
00232888
00232976
00233468
00233986
00234386
00234590
00234781
00235165
00235626
00236027
00236191
00236533
00236787
00237276
00237388
00237743
00238065
00238284
00238595
00238814
00238942
00239321
00239606
00239983
00240081
00240587
00240915
00241193
00241291
00241590
00241727
00242043
00242510
00242843
00243062
00243252
00243561
00243976
00244285
00244556
00244746
00245352
00245605
00245849
00246022
00246324
00246770
00247025
00247252
00247497
00247926
00248426
00248843
00249200
00249298
00249473
00249683
00249967
00250522
00250840
00251311
00251780
00251963
00252167
00252495
00252757
00253107
00253829
00254327
00254682
00255009
00255570
00255738
00256171
00256523
00256635
00256961
00257548
00257703
00257903
00258422
00258652
00258952
00259190
00259530
00259817
00260219
00260518
00261060
00261295
00261635
00262238
00262427
00262551
00262712
00262903
00263045
00263263
00263530
00263583
00263754
00263954
00263985
00264046
00264341
00264547
00264687
00264712
00264939
00265399
00265789
00266123
00266354
00266411
00266674
00267130
00267520
00267726
00268022
00268137
00268371
00269003
00269483
00270133
00270361
00270680
00270765
00270795
00270821
00270848
00270876
00270943
00270998
00271103
00271138
00271178
00271210
00271316
00271400
00271697
00272097
00272388
00272528
00272563
00272607
00272638
00272752
00272790
00272848
00272896
00273042
00273209
00273395
00273713
00274081
00274441
00274484
00274548
00274807
00275113
00275403
00275433
00275671
00276100
00276166
00276394
00276862
00277248
00277490
00277756
00277897
00278179
00278511
00279033
00279186
00279490
00279674
00279801
00279978
00280094
00280166
00280338
00280420
00280515
00280575
00280875
00281133
00281331
00281698
00281862
00282003
00282165
00282313
00282717
00283382
00283866
00284027
00284187
00284249
00284374
00284592
00284819
00284843
00284867
00285052
00285238
00285441
00285711
00285765
00285828
00286087
00286351
00286452
00287348
00287680
00287970
00288374
00288565
00288904
00289193
00289741
00290016
00290253
00290473
00290656
00290856
00291228
00291568
00292032
00292220
00292540
00292950
00293463
00293820
00294076
00294265
00294603
00295077
00295468
00295809
00296001
00296134
00296491
00296846
00296944
00297265
00297343
00297490
00297905
00298035
00298441
00298774
00298939
00299113
00299401
00299714
00299965
00300163
00300507
00300649
00300945
00301316
00301413
00301548
00301893
00302175
00302322
00302576
00303046
00303315
00303670
00303986
00304320
00304768
00305085
00305349
00305526
00305813
00306135
00306361
00306495
00306546
00306644
00306869
00307024
00307224
00307249
00307275
00307329
00307654
00307689
00307729
00307815
00307862
00308006
00308198
00308284
00308408
00308457
00308576
00308781
00309092
00309253
00309512
00309695
00309966
00310255
00310586
00310865
00311066
00311227
00311452
00312038
00312332
00312533
00312730
00312960
00313106
00313317
00313385
00313470
00313519
00313598
00313852
00314005
00314222
00314629
00314922
00315340
00316043
00316467
00316854
00317164
00317380
00317682
00317800
00318110
00318626
00319003
00319305
00319373
00319465
00319582
00319734
00319806
00319982
00320286
00320603
00320805
00321021
00321070
00321175
00321341
00321443
00321513
00321580
00321870
00322039
00322288
00322510
00322849
00323039
00323200
00323361
00323515
00323603
00323988
00324457
00324783
00325371
00325796
00326140
00326440
00326748
00327339
00327543
00327714
00327980
00328184
00328567
00328888
00329285
00329711
00330245
00330615
00330849
00331044
00331511
00331903
00332172
00332422
00332740
00333068
00333489
00333761
00334202
00334598
00335138
00335301
00335644
00335967
00336277
00336453
00336690
00336867
00337290
00337794
00338162
00338532
00338919
00339457
00339693
00339863
00340172
00340410
00340791
00341308
00341633
00342002
00342341
00342751
00342850
00342942
00342976
00343008
00343198
00343485
00344025
00344448
00344862
00345103
00345229
00345481
00346113
00346447
00346910
00347348
00347600
00348109
00348604
00349012
00349242
00349898
00349975
00350268
00350557
00350963
00351291
00351455
00351656
00351864
00352051
00352166
00352335
00352548
00352680
00353044
00353549
00353601
00353619
00353650
00353687
00353874
00353998
00354533
00354903
00355207
00355556
00356130
00356353
00356469
00356639
00356730
00356930
00357047
00357525
00357907
00358337
00358811
00359104
00359137
00359185
00359424
00359488
00359726
00359835
00359865
00359896
00360017
00360412
00360625
00360900
00361281
00361377
00361534
00361580
00361795
00361956
00362292
00362720
00363122
00363743
00364220
00364492
00364866
00365342
00365511
00366011
00366297
00366455
00366530
00367002
00367078
00367408
00367926
00368205
00368727
00368926
00369075
00369497
00369973
00370672
00371000
00371453
00371569
00371657
00372283
00372859
00373114
00373260
00373467
00373726
00374402
00374879
00375353
00375653
00375784
00375994
00377617
00378308
00378392
00378636
00379129
00379576
00379919
00380498
00380799
00381090
00381668
00381993
00382405
00382450
00382740
00382951
00383797
00384152
00384555
00384665
00385152
00385314
00385481
00385906
00386301
00386692
00386880
00387175
00387343
00387728
00388347
00388808
00389051
00389362
00389469
00389910
00390091
00390341
00390564
00391315
00392073
00392431
00392803
00393298
00393866
00394252
00394712
00395124
00395492
00396070
00396595
00396764
00396924
00397421
00397796
00398380
00398964
00399276
00399686
00400048
00400565
00401323
00401814
00402273
00402809
00402880
00403210
00403849
00404508
00404711
00405055
00405497
00405812
00406149
00406710
00407171
00407524
00408217
00408577
00409196
00409685
00409979
00410133
00410540
00410912
00411116
00411449
00411830
00412306
00412688
00413033
00413653
00414074
00414592
00415370
00415681
00416229
00416642
00416991
00417425
00417794
00418085
00418613
00418768
00418825
00418875
00418966
00419035
00419145
00419280
00419377
00419420
00419681
00419952
00420338
00420770
00421230
00421387
00421620
00421716
00421824
00421895
00421975
00422128
00422184
00422252
00422317
00422355
00422565
00422884
00423291
00423719
00424226
00424424
00424693
00424968
00425142
00425385
00425567
00426096
00426778
00426965
00427348
00427509
00427950
00428118
00428822
00429425
00429721
00430453
00430745
00431027
00431724
00431973
00432239
00432551
00432989
00433426
00433770
00434221
00434512
00434822
00434948
00435100
00435648
00435973
00436576
00436693
00436857
00437025
00437536
00437831
00438046
00438351
00438701
00438944
00439346
00439834
00440227
00440370
00440508
00440735
00441096
00441717
00442200
00442479
00442687
00442934
00443201
00443411
00443996
00444551
00444764
00445085
00445469
00446109
00446586
00446807
00447643
00447788
00447876
00448183
00448481
00448849
00449506
00450073
00450663
00451283
00452000
00452597
00453008
00453534
00454027
00454551
00454745
00455021
00455437
00455571
00456015
00456332
00456544
00456677
00457178
00457576
00457820
00457976
00458730
00459321
00459501
00460044
00460300
00460512
00460874
00461213
00461600
00461768
00461906
00462235
00462991
00463393
00463599
00463877
00464334
00464543
00464907
00465428
00465903
00466183
00466455
00466759
00467150
00467493
00467855
00468423
00468717
00469181
00469571
00469890
00470058
00470286
00470648
00470962
00471109
00471646
00472336
00472623
00472769
00473032
00473260
00473429
00473687
00474047
00474370
00474767
00474996
00475335
00475559
00476137
00476615
00477156
00477414
00477909
00478125
00478239
00478385
00478645
00478925
00479400
00479584
00479786
00480175
00480464
00480824
00481192
00481299
00481628
00482065
00482336
00482601
00482952
00483525
00483958
00484395
00484817
00485238
00485792
00486036
00486272
00486416
00486583
00486662
00486855
00487073
00487182
00487421
00487656
00488168
00488449
00488897
00489117
00489187
00489448
00489646
00489721
00490300
00490920
00491600
00492356
00492591
00492770
00492976
00493153
00493318
00493444
00493708
00493859
00494099
00494328
00494534
00494995
00495310
00495682
00496135
00496324
00496468
00496552
00496712
00497013
00497155
00497560
00498142
00498726
00498980
00499338
00499744
00499873
00500028
00500150
00500325
00500467
00500618
00500748
00500930
00501194
00501636
00502009
00502960
00503370
00503697
00503944
00504366
00504998
00505419
00505747
00506011
00506716
00506950
00507161
00507443
00507630
00507763
00507980
00508222
00508420
00508738
00509000
00509766
00510116
00510453
00510659
00510876
00511019
00511112
00511244
00511605
00511853
00512280
00512502
00512962
00513346
00513888
00514280
00514539
00514708
00514800
00515002
00515361
00515727
00516164
00516382
00516674
00517069
00517208
00517398
00517713
00517897
00518255
00518525
00518815
00518952
00519025
00519128
00519291
00519436
00519605
00519792
00520177
00520321
00520619
00520767
00520949
00521106
00521623
00521994
00522137
00522452
00522700
00522999
00523265
00523754
00523894
00524199
00524710
00525240
00525643
00525983
00526287
00526689
00527147
00527350
00527474
00527550
00527608
00527728
00528204
00528787
00529139
00529411
00529705
00529912
00529962
00530050
00530218
00530256
00530325
00530388
00530451
00530498
00530563
00530605
00530794
00531158
00531352
00531522
00531771
00532106
00532437
00532716
00533015
00533260
00533480
00533814
00534167
00534563
00534773
00534961
00535336
00535499
00535757
00535919
00536297
00536758
00536934
00537012
00537394
00537464
00537533
00537791
00538270
00538533
00538720
00539160
00539455
00539906
00540181
00540317
00540467
00540602
00540762
00540797
00541119
00541501
00541968
00542190
00542652
00542922
00543417
00544231
00544610
00545132
00545643
00545905
00546298
00546655
00547036
00547636
00548221
00548436
00548910
00549237
00549590
00549972
00550804
00551055
00551357
00552072
00552272
00552789
00553245
00553704
00554032
00554404
00554586
00554766
00555296
00555602
00555786
00556196
00556619
00557231
00557527
00557762
00557930
00558247
00558639
00558793
00559168
00559629
00560374
00560605
00560802
00561009
00561238
00561341
00561732
00561933
00562165
00562450
00563366
00563843
00564283
00564583
00564984
00565468
00565864
00566132
00566617
00566901
00567316
00567624
00567800
00568121
00568407
00568535
00568778
00568981
00569076
00569480
00569622
00569849
00570173
00570506
00570897
00571234
00571443
00571584
00571868
00571951
00572223
00572426
00572690
00572826
00573385
00573557
00573908
00574090
00574396
00575014
00575496
00575650
00575822
00576237
00576736
00577043
00577266
00577472
00578038
00578272
00578904
00579062
00579383
00579808
00579943
00580053
00580368
00580669
00581039
00581228
00581350
00581640
00582082
00582234
00582512
00582785
00583065
00583214
00583566
00583865
00584197
00584428
00584968
00585264
00585695
00586287
00586632
00586914
00587397
00587733
00588055
00588326
00588509
00588841
00588996
00589605
00589914
00590074
00590273
00590564
00590833
00591125
00591975
00592264
00592516
00592941
00593110
00593387
00593849
00594088
00594285
00594610
00595086
00595245
00595677
00595931
00596343
00596572
00596749
00596865
00597428
00598174
00598635
00599360
00599750
00600173
00600395
00600620
00600995
00601220
00601354
00601430
00601966
00602184
00602325
00602717
00602833
00603097
00603604
00604010
00604278
00604590
00604901
00605561
00605940
00606102
00606531
00606784
00607150
00607357
00607715
00607903
00608067
00608553
00608751
00609127
00609828
00610466
00610668
00610910
00611251
00611564
00611810
00611890
00611939
00612174
00612626
00613047
00613295
00613441
00613715
00613833
00613889
00613968
00614085
00614435
00614712
00614745
00614999
00615240
00615341
00615878
00616121
00616618
00616959
00617175
00617369
00617580
00617889
00618155
00618534
00618774
00619239
00619401
00619632
00619935
00620225
00620344
00620674
00621005
00621347
00621573
00622156
00622343
00622805
00623527
00623864
00624103
00624297
00624705
00624878
00625221
00625393
00625602
00625993
00626650
00627221
00627620
00628219
00628674
00629096
00629531
00629896
00630273
00630721
00630954
00631338
00632046
00632243
00632563
00632947
00633413
00633786
00634195
00634519
00634765
00634825
00635151
00635560
00635638
00635861
00636418
00636689
00636974
00637205
00637471
00637580
00637738
00638095
00638294
00638635
00638772
00639334
00639807
00640042
00640536
00640654
00640938
00641291
00641734
00642083
00642421
00642753
00643205
00643455
00643643
00644146
00644836
00645249
00645735
00645998
00646343
00646748
00647081
00648078
00648418
00649104
00649595
00650549
00650692
00651167
00651591
00652108
00652671
00652784
00653164
00653650
00653987
00654292
00654741
00655097
00655542
00655756
00656020
00656564
00656880
00657115
00657334
00657601
00657707
00657932
00658303
00658740
00659283
00659703
00660007
00660393
00660693
00661138
00661521
00661722
00662256
00662684
00662968
00663202
00663284
00663780
00664205
00664602
00664798
00664995
00665130
00665375
00665718
00666105
00666643
00667076
00668473
00668818
00668982
00669471
00669932
00670368
00670457
00670791
00671241
00672133
00672530
00672903
00673344
00673788
00673977
00674237
00674417
00674556
00675106
00675498
00675561
00675873
00676067
00676234
00676724
00677035
00677314
00677783
00678198
00678546
00678850
00679066
00679523
00679918
00680418
00680785
00681061
00681547
00681621
00681830
00682000
00682105
00682138
00682206
00682318
00682891
00683257
00683588
00683790
00684086
00684488
00684838
00685251
00685402
00685480
00685586
00685680
00685859
00685896
00685922
00686183
00686579
00686985
00687079
00687858
00688340
00688692
00688813
00688973
00689419
00689633
00689950
00691102
00691359
00691926
00692213
00692628
00693170
00693559
00693971
00694852
00695096
00695302
00695677
00695768
00696177
00696455
00696781
00696931
00697284
00697498
00697918
00698289
00698863
00699050
00699429
00699903
00700027
00700691
00701351
00702108
00702359
00702682
00702814
00702894
00703105
00703444
00703786
00704166
00704490
00704944
00705152
00705308
00705678
00705954
00706681
00707059
00707859
00708026
00708431
00708762
00709210
00709505
00709980
00710500
00710837
00711227
00711509
00711988
00712175
00712547
00712816
00713156
00713556
00714239
00714488
00714572
00714680
00714947
00715216
00715572
00715869
00716106
00716689
00717027
00717469
00717861
00718016
00718221
00718422
00718683
00719018
00719297
00719511
00719774
00720029
00720262
00720950
00721183
00721306
00721633
00721864
00722175
00722532
00722819
00722956
00723290
00723650
00724014
00724243
00724536
00724846
00725480
00725752
00726161
00726360
00727138
00727545
00727822
00727890
00727921
00728120
00728514
00728836
00729388
00729658
00729936
00730353
00730967
00731281
00731640
00731865
00732284
00732426
00732740
00733124
00733734
00734029
00734318
00734628
00735152
00735263
00735473
00735681
00735795
00735852
00736308
00736807
00736975
00737270
00737395
00737652
00738012
00738279
00738338
00738397
00738498
00738628
00738716
00738767
00738806
00738845
00738886
00739068
00739157
00739297
00739487
00739789
00740074
00740412
00740762
00741017
00741378
00741703
00741913
00742167
00742328
00742371
00742468
00742741
00742857
00743010
00743277
00743616
00744002
00744354
00744917
00745156
00745615
00745902
00746186
00746502
00746735
00746911
00747088
00747630
00748279
00748307
00748499
00748894
00749148
00749289
00749541
00749754
00749958
00750301
00750698
00751049
00751525
00752186
00752941
00753396
00754144
00754601
00755123
00755410
00755982
00756245
00756574
00756879
00757359
00757590
00757803
00758058
00758506
00758943
00759312
00759404
00759482
00759750
00760413
00761021
00761217
00761613
00761986
00762201
00762637
00762918
00763266
00763572
00763736
00764126
00764472
00764684
00765057
00765492
00765659
00765919
00766140
00766491
00766846
00767384
00767831
00768119
00768409
00768783
00769472
00769782
00770041
00770424
00770924
00771193
00771802
00772130
00772383
00772623
00772968
00773117
00773478
00773870
00774407
00775127
00775671
00776027
00776850
00777023
00777312
00777596
00778379
00778811
00779109
00779285
00779368
00779412
00779863
00780289
00780582
00780838
00781333
00781590
00782089
00782579
00783181
00783426
00783574
00783810
00784117
00784472
00784799
00784969
00785129
00785562
00785870
00786248
00786542
00787174
00787296
00787464
00787617
00787848
00788118
00788285
00788648
00788936
00789256
00789565
00789808
00790176
00790335
00790599
00790678
00790876
00791084
00791234
00791319
00791542
00791791
00792170
00792597
00792896
00793374
00793651
00794027
00794198
00794513
00794866
00795147
00795452
00795860
00796372
00796778
00796947
00797440
00797696
00797884
00798506
00798873
00799214
00799620
00800209
00800465
00800807
00800995
00801201
00801377
00801826
00802388
00802696
00803294
00803421
00803624
00804081
00804592
00805106
00805614
00806593
00806867
00807109
00807455
00807846
00808026
00808344
00808596
00808865
00809394
00809743
00810203
00810757
00811116
00811318
00811559
00811826
00812372
00812737
00813396
00814049
00814261
00814465
00814724
00815148
00815780
00816125
00816606
00816807
00817221
00817532
00818298
00818693
00819251
00819760
00820351
00820860
00821429
00821617
00822007
00822651
00823144
00823783
00823955
00824101
00824538
00824952
00825208
00825554
00825912
00826163
00826355
00826732
00827296
00827690
00828088
00828610
00829097
00829531
00830399
00831105
00831519
00831773
00832359
00832695
00833451
00834097
00834555
00834946
00835746
00836273
00836873
00837182
00837409
00837811
00838095
00838619
00838970
00839682
00840097
00840728
00840952
00841344
00841674
00842180
00843414
00844095
00844667
00845052
00845395
00845917
00846481
00846822
00847261
00847461
00847861
00848314
00848704
00849627
00850101
00850609
00850977
00851232
00851476
00851665
00852016
00852421
00852671
00852958
00853264
00853761
00854232
00854446
00855310
00855599
00856128
00856474
00856961
00857606
00858109
00859193
00859401
00859933
00860338
00860599
00860844
00861497
00861832
00862044
00862366
00862820
00863280
00863763
00864109
00864522
00864710
00864938
00865612
00866164
00866426
00866551
00867003
00867578
00867971
00868338
00868661
00869116
00869557
00870193
00870900
00871559
00872230
00872736
00873119
00873348
00873797
00874395
00874600
00874905
00875251
00875804
00876657
00877005
00877286
00877594
00877818
00878233
00878459
00878901
00879332
00879826
00880124
00880531
00880859
00881148
00881497
00881857
00882308
00882764
00883073
00883505
00884074
00884647
00884927
00885719
00886118
00886405
00886969
00887851
00888486
00889059
00889719
00890089
00890481
00890901
00891244
00891747
00892124
00892805
00893112
00893392
00893622
00893754
00894149
00894591
00895009
00895449
00895841
00896301
00896598
00896771
00897066
00897374
00897732
00898112
00898448
00898969
00899381
00900015
00900344
00900697
00900891
00901275
00901700
00902027
00902582
00903151
00903689
00904044
00904408
00904735
00905117
00905728
00905963
00906467
00906755
00907010
00907383
00907772
00908342
00908803
00909551
00909964
00910161
00910594
00910858
00911517
00911963
00912606
00913140
00913362
00913920
00914274
00915183
00915694
00916809
00917303
00917738
00918411
00918727
00918895
00919391
00920156
00920486
00920764
00921099
00921587
00921925
00922213
00922781
00923324
00923670
00923938
00924711
00925009
00925262
00925700
00926265
00926690
00926952
00927533
00927862
00928203
00928785
00929576
00929840
00930401
00930797
00931129
00931936
00932452
00933009
00933534
00934257
00934608
00934844
00934976
00935342
00936580
00936927
00937208
00937499
00938458
00938942
00939410
00939845
00940245
00941047
00941457
00942091
00942359
00942806
00943083
00943629
00944295
00944675
00944890
00945063
00945504
00945904
00946297
00946570
00947172
00947870
00948224
00948605
00949065
00949531
00949899
00950634
00951063
00951510
00951699
00951941
00952234
00952738
00953279
00953447
00953953
00954724
00955258
00955707
00956152
00956399
00957364
00957642
00958325
00958989
00959477
00959813
00960380
00960999
00961591
00962254
00962851
00963235
00963543
00964087
00964533
00965078
00965567
00965700
00966243
00966700
00967005
00967614
00967988
00968626
00969036
00969454
00970112
00970665
00971067
00971582
00972573
00973007
00973384
00973889
00974488
00974867
00975418
00975949
00976480
00976739
00977230
00977886
00978150
00979046
00979710
00980319
00980769
00981447
00981802
00982709
00983194
00983694
00984223
00984424
00984770
00985204
00985612
00986050
00986309
00986717
00987309
00987743
00988215
00988781
00989783
00990725
00990954
00990984
00991778
00992513
00993166
00993304
00993669
00994138
00994690
00995337
00995648
00996485
00996866
00997538
00997785
00998772
00999329
00003999
00014538
00020984
00023771
00026681
00030822
00035332
00041275
00047988
00050304
00054815
00059979
00063203
00068474
00074850
00079164
00083783
00089215
00095919
00098043
00101539
00105124
00109755
00114778
00118873
00122422
00129654
00133124
00136735
00137494
00141438
00148170
00155383
00162016
00169244
00174791
00178086
00183585
00189578
00195212
00199673
00208610
00217697
00220866
00223929
00229077
00231717
00236197
00240415
00243090
00246418
00248919
00255725
00259144
00263527
00265639
00270444
00271146
00272763
00274467
00277275
00280443
00282412
00285034
00287052
00289550
00292300
00297291
00300574
00304161
00307237
00307852
00309547
00313391
00317673
00319922
00322088
00324229
00329173
00331748
00336381
00342860
00344992
00349498
00352216
00355153
00356567
00359860
00361906
00364486
00368312
00373745
00380446
00383766
00387522
00391480
00396616
00403146
00408806
00411576
00418798
00419265
00421368
00422367
00425440
00430869
00437951
00442296
00448756
00455653
00459441
00461136
00464200
00467896
00470699
00476194
00479582
00485114
00487626
00493328
00496532
00499084
00502951
00507322
00512149
00517269
00519384
00527275
00529413
00530756
00533987
00537546
00540770
00547726
00552251
00557933
00561322
00565888
00569531
00573940
00581313
00584864
00588788
00592914
00596730
00601203
00606020
00611762
00614438
00617350
00622908
00626662
00631765
00634798
00638921
00643417
00650685
00655096
00662571
00667169
00671992
00678742
00682095
00685220
00685866
00689341
00695543
00701324
00705288
00709780
00717253
00719979
00722662
00726317
00732846
00737645
00739183
00742512
00746949
00749782
00755211
00760194
00765569
00770630
00774574
00779393
00783661
00786796
00788722
00792310
00795905
00803629
00809192
00815928
00823433
00829320
00841259
00850174
00858121
00865876
00871985
00877078
00882907
00889756
00896495
00904864
00910828
00917411
00921930
00928874
00934970
00940601
00949652
00955540
00961742
00971942
00980291
00986518
00990985
00996417
